0,4500005;0;0;
0,4157466;0;-0,1722079;
0,3181979;0;-0,318198;
0,1722075;0;-0,4157457;
2,682213E-08;0;-0,4500006;
-0,172208;0;-0,4157469;
-0,3208839;0;-0,3208839;
-0,419255;0;-0,1736612;
-0,4834944;0;4,226842E-08;
-0,4466905;0;0,1850253;
-0,341882;0;0,3418818;
-0,1850252;0;0,4466902;
2,881852E-08;0;0,4834944;
0,1736616;0;0,4192562;
0,3208848;0;0,3208849;
0,4157463;0;0,1722077;
0,4500005;0,1;0;
0,4157466;0,1;-0,1722079;
0,3181988;0,1;-0,3181988;
0,1722075;0,1;-0,4157457;
2,682213E-08;0,1;-0,4500006;
-0,172208;0,1;-0,4157469;
-0,3181989;0,1;-0,3181989;
-0,4157466;0,1;-0,1722079;
-0,4500005;0,1;3,934029E-08;
-0,4157462;0,1;0,1722077;
-0,3181987;0,1;0,3181986;
-0,1722081;0,1;0,415747;
2,682217E-08;0,1;0,4500013;
0,1736612;0,1;0,419255;
0,3208842;0,1;0,3208843;
0,4202041;0,1;0,1740542;
0,4537983;0,2;0;
0,4157458;0,2;-0,1722075;
0,318198;0,2;-0,3181981;
0,1722075;0,2;-0,4157458;
2,704847E-08;0,2;-0,453798;
-0,1736616;0,2;-0,4192563;
-0,3208835;0,2;-0,3208835;
-0,4192554;0,2;-0,1736613;
-0,4500009;0,2;3,934033E-08;
-0,4157462;0,2;0,1722077;
-0,3181987;0,2;0,3181986;
-0,1722079;0,2;0,4157465;
2,682217E-08;0,2;0,4500013;
0,1722076;0,2;0,4157459;
0,3181984;0,2;0,3181984;
0,4157471;0,2;0,1722081;
0,4500015;0,3;0;
0,4157464;0,3;-0,1722078;
0,318198;0,3;-0,3181981;
0,1722075;0,3;-0,4157459;
2,682211E-08;0,3;-0,4500003;
-0,1722077;0,3;-0,4157461;
-0,3181983;0,3;-0,3181983;
-0,4157467;0,3;-0,172208;
-0,4500008;0,3;3,934032E-08;
-0,4192549;0,3;0,1736611;
-0,3208841;0,3;0,320884;
-0,173661;0,3;0,4192547;
2,704853E-08;0,3;0,453799;
0,1722076;0,3;0,4157459;
0,3181981;0,3;0,3181982;
0,4157463;0,3;0,1722077;
0,4537988;0,4;0;
0,4192554;0,4;-0,1736613;
0,3208841;0,4;-0,3208842;
0,1736611;0,4;-0,4192551;
2,682214E-08;0,4;-0,4500009;
-0,1722077;0,4;-0,4157461;
-0,3181983;0,4;-0,3181983;
-0,4157467;0,4;-0,172208;
-0,4500008;0,4;3,934032E-08;
-0,4157458;0,4;0,1722075;
-0,3181981;0,4;0,3181979;
-0,1722078;0,4;0,4157464;
2,682215E-08;0,4;0,450001;
0,1722079;0,4;0,4157466;
0,3181987;0,4;0,3181988;
0,4192555;0,4;0,1736613;
0,450001;0,5;0;
0,4157467;0,5;-0,1722079;
0,3181984;0,5;-0,3181984;
0,1722077;0,5;-0,4157462;
2,682215E-08;0,5;-0,4500009;
-0,1722078;0,5;-0,4157465;
-0,3208837;0,5;-0,3208837;
-0,4192547;0,5;-0,1736611;
-0,4537987;0,5;3,967235E-08;
-0,4192554;0,5;0,1736613;
-0,3181981;0,5;0,318198;
-0,1722078;0,5;0,4157464;
2,682215E-08;0,5;0,450001;
0,1722079;0,5;0,4157466;
0,3181987;0,5;0,3181987;
0,4157467;0,5;0,1722079;
0,4500012;0,6;0;
0,4157467;0,6;-0,1722079;
0,3216063;0,6;-0,3216063;
0,1722077;0,6;-0,4157462;
2,682215E-08;0,6;-0,4500009;
-0,1722078;0,6;-0,4157465;
-0,3181983;0,6;-0,3181984;
-0,4157461;0,6;-0,1722077;
-0,4500011;0,6;3,934035E-08;
-0,4157462;0,6;0,1722077;
-0,3181984;0,6;0,3181982;
-0,1740575;0,6;0,420212;
2,682212E-08;0,6;0,4500005;
0,1736615;0,6;0,4192558;
0,320884;0,6;0,320884;
0,4192555;0,6;0,1736613;
0,4500008;0,7;0;
0,4157464;0,7;-0,1722078;
0,3208839;0,7;-0,320884;
0,1736612;0,7;-0,4192552;
2,704846E-08;0,7;-0,4537977;
-0,1736611;0,7;-0,4192551;
-0,3208839;0,7;-0,320884;
-0,4157461;0,7;-0,1722077;
-0,4500011;0,7;3,934035E-08;
-0,4157468;0,7;0,172208;
-0,3181984;0,7;0,3181982;
-0,1722077;0,7;0,4157461;
2,682212E-08;0,7;0,4500005;
0,1722078;0,7;0,4157462;
0,3181982;0,7;0,3181983;
0,415746;0,7;0,1722077;
0,4500008;0,8;0;
0,4157464;0,8;-0,1722078;
0,3181985;0,8;-0,3181985;
0,1722078;0,8;-0,4157465;
2,682214E-08;0,8;-0,4500007;
-0,1722079;0,8;-0,4157467;
-0,3181987;0,8;-0,3181988;
-0,4157467;0,8;-0,172208;
-0,4500015;0,8;3,934038E-08;
-0,4192553;0,8;0,1736613;
-0,3215759;0,8;0,3215758;
-0,1736614;0,8;0,4192555;
2,71101E-08;0,8;0,454832;
0,1736614;0,8;0,4192556;
0,3181993;0,8;0,3181994;
0,415746;0,8;0,1722076;
0,483494;0,9;0;
0,4192549;0,9;-0,1736611;
0,3208838;0,9;-0,3208838;
0,1722078;0,9;-0,4157465;
2,682214E-08;0,9;-0,4500007;
-0,1722078;0,9;-0,4157465;
-0,3208843;0,9;-0,3208844;
-0,4157467;0,9;-0,172208;
-0,4500015;0,9;3,934038E-08;
-0,4157468;0,9;0,172208;
-0,3181989;0,9;0,3181988;
-0,1864141;0,9;0,4500433;
2,903483E-08;0,9;0,4871235;
0,1850255;0,9;0,4466911;
0,3418817;0,9;0,3418818;
0,44669;0,9;0,1850251;
0,570493;1;0;
0,5270674;1;-0,2183185;
0,3418821;1;-0,3418821;
0,1850253;1;-0,4466905;
2,88185E-08;1;-0,4834942;
-0,1850252;1;-0,4466904;
-0,3418821;1;-0,3418821;
-0,4192556;1;-0,1736614;
-0,4537992;1;3,967239E-08;
-0,4192556;1;0,1736614;
-0,3181989;1;0,3181988;
-0,1864141;1;0,4500433;
2,903483E-08;1;0,4871235;
0,1901794;1;0,4591337;
0,3935357;1;0,3935358;
0,5270669;1;0,2183183;
0,570493;1,1;0;
0,5270672;1,1;-0,2183184;
0,4033998;1,1;-0,4033999;
0,2183185;1,1;-0,5270675;
3,427273E-08;1,1;-0,575001;
-0,2200433;1,1;-0,5312316;
-0,406587;1,1;-0,4065871;
-0,5312313;1,1;-0,2200433;
-0,483494;1,1;4,226839E-08;
-0,4466909;1,1;0,1850254;
-0,3418825;1,1;0,3418823;
-0,1992316;1,1;0,4809876;
3,103125E-08;1,1;0,5206179;
0,2029967;1,1;0,4900771;
0,4060853;1,1;0,4060853;
0,5305757;1,1;0,2197717;
0,6039872;1,2;0;
0,5580109;1,2;-0,2311357;
0,4270829;1,2;-0,4270831;
0,2311358;1,2;-0,5580112;
3,721145E-08;1,2;-0,6243045;
-0,2642483;1,2;-0,6379517;
-0,4882671;1,2;-0,4882671;
-0,6344425;1,2;-0,2627948;
-0,6867157;1,2;6,00346E-08;
-0,5312317;1,2;0,2200434;
-0,4065873;1,2;0,4065871;
-0,2342494;1,2;0,565528;
3,648541E-08;1,2;0,6121235;
0,2380151;1,2;0,574619;
0,4270834;1,2;0,4270835;
0,5580109;1,2;0,2311357;
0,6954924;1,3;0;
0,6425517;1,3;-0,2661535;
0,4917877;1,3;-0,4917879;
0,2661536;1,3;-0,6425517;
4,443566E-08;1,3;-0,7455065;
-0,2756126;1,3;-0,6653877;
-0,5092651;1,3;-0,5092652;
-0,665386;1,3;-0,275612;
-0,7202098;1,3;6,296274E-08;
-0,6653875;1,3;0,2756125;
-0,5213783;1,3;0,5213781;
-0,2899482;1,3;0,6999968;
4,516072E-08;1,3;0,7576711;
0,288495;1,3;0,6964884;
0,5483028;1,3;0,5483029;
0,6425513;1,3;0,2661534;
0,8700912;1,4;0;
0,8157423;1,4;-0,3378915;
0,6243422;1,4;-0,6243423;
0,3364385;1,4;-0,8122346;
5,240181E-08;1,4;-0,8791564;
-0,3106304;1,4;-0,7499281;
-0,5739703;1,4;-0,5739703;
-0,7499282;1,4;-0,3106306;
-0,8117163;1,4;7,096249E-08;
-0,7499284;1,4;0,3106305;
-0,6077285;1,4;0,6077282;
-0,3013124;1,4;0,7274323;
4,693074E-08;1,4;0,787367;
0,3013124;1,4;0,7274323;
0,5860614;1,4;0,5860615;
0,8038592;1,4;0,3329694;
0,9615973;1,5;0;
0,9277185;1,5;-0,3842736;
0,6453405;1,5;-0,6453406;
0,3492555;1,5;-0,8431774;
5,439811E-08;1,5;-0,9126487;
-0,3492555;1,5;-0,8431776;
-0,6453404;1,5;-0,6453405;
-0,8311931;1,5;-0,3442917;
-0,9430392;1,5;8,244311E-08;
-0,9076767;1,5;0,375972;
-0,6920197;1,5;0,6920193;
-0,3811448;1,5;0,9201646;
5,238496E-08;1,5;0,8788737;
0,3363307;1,5;0,8119738;
0,6507664;1,5;0,6507665;
0,8884;1,5;0,3679873;
1,179139;1,6;0;
1,089383;1,6;-0,4512371;
0,7100456;1,6;-0,7100456;
0,3842736;1,6;-0,9277185;
5,985233E-08;1,6;-1,004155;
-0,3842733;1,6;-0,9277179;
-0,7100455;1,6;-0,7100456;
-0,9740491;1,6;-0,4034645;
-1,012158;1,6;8,848563E-08;
-0,9351125;1,6;0,3873363;
-0,715703;1,6;0,7157029;
-0,3939624;1,6;0,9511093;
6,417746E-08;1,6;1,076719;
0,4081203;1,6;0,9852892;
0,7658019;1,6;0,7658019;
1,047305;1,6;0,433808;
1,212633;1,7;0;
1,120327;1,7;-0,4640546;
0,8574608;1,7;-0,8574611;
0,4894;1,7;-1,181516;
7,744634E-08;1,7;-1,299334;
-0,4972332;1,7;-1,200427;
-0,9381552;1,7;-0,9381552;
-1,271448;1,7;-0,526651;
-1,395676;1,7;1,220139E-07;
-1,019653;1,7;0,4223541;
-0,7804079;1,7;0,7804075;
-0,4289803;1,7;1,03565;
6,963165E-08;1,7;1,168225;
0,4545024;1,7;1,097265;
0,8222774;1,7;0,8222777;
1,083529;1,7;0,4488123;
1,304139;1,8;0;
1,204867;1,8;-0,4990724;
0,9221655;1,8;-0,9221657;
0,5244181;1,8;-1,266057;
8,467055E-08;1,8;-1,420536;
-0,5085975;1,8;-1,227863;
-0,9591535;1,8;-0,9591535;
-1,302391;1,8;-0,5394683;
-1,429169;1,8;1,249419E-07;
-1,32038;1,8;0,5469193;
-0,9895777;1,8;0,9895771;
-0,5511723;1,8;1,330647;
7,824129E-08;1,8;1,312671;
0,5673361;1,8;1,36967;
0,9516487;1,8;0,9516488;
1,204867;1,8;0,4990724;
1,595757;1,9;0;
1,446852;1,9;-0,5993057;
1,107373;1,9;-1,107373;
0,5978522;1,9;-1,443343;
9,409564E-08;1,9;-1,578663;
-0,5436156;1,9;-1,312404;
-1,016294;1,9;-1,016295;
-1,404922;1,9;-0,5819377;
-1,520676;1,9;1,329418E-07;
-1,404921;1,9;0,5819374;
-1,087133;1,9;1,087132;
-0,5787002;1,9;1,397106;
9,013507E-08;1,9;1,512215;
0,5787004;1,9;1,397106;
1,114126;1,9;1,114126;
1,474287;1,9;0,6106697;
1,678056;2;0;
1,558828;2;-0,6456878;
1,12837;2;-1,128371;
0,6106694;2;-1,474287;
9,6092E-08;2;-1,612156;
-0,6361273;2;-1,535747;
-1,17541;2;-1,17541;
-1,508313;2;-0,624764;
-1,632586;2;1,427252E-07;
-1,508312;2;0,6247633;
-1,158505;2;1,158504;
-0,6421646;2;1,550322;
9,558938E-08;2;1,603723;
0,6137185;2;1,481647;
1,178831;2;1,178831;
1,550322;2;0,6421642;
1,681854;2,1;0;
1,612333;2,1;-0,6678504;
1,193075;2,1;-1,193075;
0,6456876;2,1;-1,558828;
1,015462E-07;2,1;-1,703662;
-0,6678504;2,1;-1,612334;
-1,234027;2,1;-1,234027;
-1,612334;2,1;-0,6678505;
-1,662283;2,1;1,453214E-07;
-1,535749;2,1;0,636128;
-1,182188;2,1;1,182188;
-0,6549817;2,1;1,581265;
1,020163E-07;2,1;1,711549;
0,6436176;2,1;1,55383;
1,18925;2,1;1,18925;
1,553831;2,1;0,6436177;
1,71155;2,2;0;
1,643278;2,2;-0,6806678;
1,25771;2,2;-1,25771;
0,6693036;2,2;-1,615842;
1,042471E-07;2,2;-1,748975;
-0,6693037;2,2;-1,615842;
-1,236712;2,2;-1,236712;
-1,612334;2,2;-0,6678506;
-1,795224;2,2;1,569434E-07;
-1,719872;2,2;0,7123942;
-1,246894;2,2;1,246893;
-0,6899999;2,2;1,665807;
1,074705E-07;2,2;1,803056;
0,6899996;2,2;1,665806;
1,274953;2,2;1,274953;
1,581265;2,2;0,6549814;
1,849931;2,3;0;
1,727818;2,3;-0,7156858;
1,322415;2,3;-1,322415;
0,7156855;2,3;-1,727818;
1,114712E-07;2,3;-1,870177;
-0,6806678;2,3;-1,643277;
-1,25771;2,3;-1,25771;
-1,643278;2,3;-0,6806681;
-1,845003;2,3;1,612953E-07;
-1,750815;2,3;0,7252113;
-1,319018;2,3;1,319018;
-0,7138476;2,3;1,72338;
1,11185E-07;2,3;1,865374;
0,712394;2,3;1,719871;
1,319018;2,3;1,319018;
1,665807;2,3;0,6899996;
1,964918;2,4;0;
1,815347;2,4;-0,7519415;
1,389406;2,4;-1,389407;
0,750488;2,4;-1,811839;
1,168918E-07;2,4;-1,961119;
-0,763473;2,4;-1,843187;
-1,322415;2,4;-1,322416;
-1,743436;2,4;-0,722155;
-1,936509;2,4;1,69295E-07;
-1,835356;2,4;0,7602296;
-1,404721;2,4;1,40472;
-0,7252114;2,4;1,750815;
1,129549E-07;2,4;1,895069;
0,7252113;2,4;1,750814;
1,340017;2,4;1,340017;
1,76632;2,4;0,7316334;
2,086119;2,5;0;
1,927324;2,5;-0,7983235;
1,410404;2,5;-1,410404;
0,7633052;2,5;-1,842782;
1,188882E-07;2,5;-1,994613;
-0,7762908;2,5;-1,874132;
-1,446245;2,5;-1,446245;
-1,920298;2,5;-0,7954136;
-2,048819;2,5;1,791134E-07;
-1,892863;2,5;0,7840498;
-1,446049;2,5;1,446048;
-0,7825962;2,5;1,889354;
1,218928E-07;2,5;2,045022;
0,7602292;2,5;1,835356;
1,40472;2,5;1,404721;
1,880899;2,5;0,7790939;
2,115675;2,6;0;
1,95112;2,6;-0,8081804;
1,47511;2,6;-1,47511;
0,7983232;2,6;-1,927323;
1,243424E-07;2,6;-2,086119;
-0,8081807;2,6;-1,951121;
-1,493323;2,6;-1,493323;
-1,982089;2,6;-0,8210083;
-2,078515;2,6;1,817096E-07;
-1,920299;2,6;0,7954141;
-1,469732;2,6;1,469731;
-0,7954133;2,6;1,920297;
1,238891E-07;2,6;2,078515;
0,8022253;2,6;1,936743;
1,496009;2,6;1,496009;
1,954629;2,6;0,8096339;
2,14537;2,7;0;
1,982065;2,7;-0,8209981;
1,517006;2,7;-1,517006;
0,8096341;2,7;-1,95463;
1,261041E-07;2,7;-2,115675;
-0,8096344;2,7;-1,95463;
-1,493323;2,7;-1,493323;
-1,982089;2,7;-0,8210083;
-2,164868;2,7;1,892587E-07;
-2,043107;2,7;0,8462829;
-1,534438;2,7;1,534437;
-0,8304318;2,7;2,004839;
1,293434E-07;2,7;2,170021;
0,846283;2,7;2,043108;
1,563727;2,7;1,563727;
1,982065;2,7;0,8209983;
2,211443;2,8;0;
2,073852;2,8;-0,8590175;
1,587257;2,8;-1,587258;
0,8590176;2,8;-2,073852;
1,337958E-07;2,8;-2,244721;
-0,820998;2,8;-1,982065;
-1,517006;2,8;-1,517006;
-1,997597;2,8;-0,827432;
-2,194562;2,8;1,918547E-07;
-2,076448;2,8;0,8600931;
-1,566414;2,8;1,566413;
-0,8478159;2,8;2,046808;
1,320387E-07;2,8;2,215241;
0,8477364;2,8;2,046616;
1,563727;2,8;1,563727;
2,043108;2,8;0,846283;
2,215241;2,9;0;
2,077361;2,9;-0,860471;
1,589943;2,9;-1,589943;
0,859018;2,9;-2,073853;
1,337958E-07;2,9;-2,244721;
-0,8590177;2,9;-2,073852;
-1,587258;2,9;-1,587258;
-2,073852;2,9;-0,859018;
-2,244722;2,9;1,962399E-07;
-2,073853;2,9;0,8590181;
-1,587258;2,9;1,587257;
-0,8590175;2,9;2,073851;
1,337958E-07;2,9;2,244721;
0,8590176;2,9;2,073851;
1,587257;2,9;1,587257;
2,077361;2,9;0,8604714;
2,244721;3;0;
2,105154;3;-0,8719833;
1,634884;3;-1,634884;
0,8718349;3;-2,104796;
1,357922E-07;3;-2,278216;
-0,8718355;3;-2,104797;
-1,589944;3;-1,589944;
-2,077361;3;-0,8604715;
-2,248521;3;1,965719E-07;
-2,077362;3;0,8604714;
-1,587259;3;1,587258;
-0,8590176;3;2,073851;
1,337958E-07;3;2,244721;
0,8590182;3;2,073853;
1,587257;3;1,587257;
2,073852;3;0,8590176;
2,244721;3,1;0;
2,09316;3,1;-0,8670151;
1,634885;3,1;-1,634885;
0,8847929;3,1;-2,136079;
1,378105E-07;3,1;-2,312076;
-0,8847932;3,1;-2,13608;
-1,634885;3,1;-1,634885;
-2,13608;3,1;-0,8847934;
-2,312075;3,1;2,02128E-07;
-2,104796;3,1;0,8718352;
-1,610941;3,1;1,610941;
-0,8718353;3,1;2,104796;
1,357922E-07;3,1;2,278215;
0,8604713;3,1;2,077361;
1,589943;3,1;1,589943;
2,077362;3,1;0,8604713;
2,295316;3,2;0;
2,120595;3,2;-0,8783792;
1,658568;3,2;-1,658568;
0,8976105;3,2;-2,167023;
1,380369E-07;3,2;-2,315875;
-0,8862467;3,2;-2,139589;
-1,634885;3,2;-1,634885;
-2,13608;3,2;-0,8847935;
-2,312078;3,2;2,021283E-07;
-2,136079;3,2;0,8847929;
-1,634885;3,2;1,634885;
-0,8847938;3,2;2,136081;
1,378106E-07;3,2;2,312077;
0,8847935;3,2;2,13608;
1,634884;3,2;1,634884;
2,104796;3,2;0,8718353;
2,312076;3,3;0;
2,13608;3,3;-0,8847931;
1,663009;3,3;-1,66301;
0,9000142;3,3;-2,172827;
1,401812E-07;3,3;-2,351851;
-0,8976111;3,3;-2,167025;
-1,658568;3,3;-1,658568;
-2,167024;3,3;-0,8976108;
-2,355649;3,3;2,059374E-07;
-2,167024;3,3;0,897611;
-1,637571;3,3;1,63757;
-0,8862473;3,3;2,13959;
1,380369E-07;3,3;2,315875;
0,8862469;3,3;2,139589;
1,634885;3,3;1,634885;
2,136079;3,3;0,8847929;
2,347984;3,4;0;
2,139589;3,4;-0,8862468;
1,665695;3,4;-1,665695;
0,9014679;3,4;-2,176336;
1,401812E-07;3,4;-2,351851;
-0,9000145;3,4;-2,172828;
-1,663011;3,4;-1,663011;
-2,172826;3,4;-0,9000144;
-2,351851;3,4;2,056053E-07;
-2,172827;3,4;0,9000145;
-1,66301;3,4;1,663009;
-0,900015;3,4;2,172828;
1,401813E-07;3,4;2,351851;
0,8976108;3,4;2,167024;
1,658568;3,4;1,658568;
2,176336;3,4;0,9014677;
2,35185;3,5;0;
2,176336;3,5;-0,9014678;
1,665695;3,5;-1,665696;
0,901544;3,5;-2,17652;
1,401812E-07;3,5;-2,351851;
-0,9000142;3,5;-2,172827;
-1,665695;3,5;-1,665696;
-2,176336;3,5;-0,9014683;
-2,385346;3,5;2,085336E-07;
-2,176336;3,5;0,9014677;
-1,66301;3,5;1,66301;
-0,9000152;3,5;2,172828;
1,401813E-07;3,5;2,351851;
0,9000145;3,5;2,172827;
1,663009;3,5;1,66301;
2,176336;3,5;0,9014678;
2,285569;3,6;0;
2,111592;3,6;-0,8746502;
1,616142;3,6;-1,616143;
0,9015436;3,6;-2,176519;
1,401813E-07;3,6;-2,351851;
-0,9000142;3,6;-2,172827;
-1,665695;3,6;-1,665696;
-2,172828;3,6;-0,9000152;
-2,351852;3,6;2,056055E-07;
-2,172828;3,6;0,900015;
-1,66301;3,6;1,663009;
-0,9000146;3,6;2,172827;
1,401812E-07;3,6;2,35185;
0,8632865;3,6;2,084157;
1,616142;3,6;1,616142;
2,111591;3,6;0,8746498;
2,252077;3,7;0;
2,080648;3,7;-0,8618327;
1,592459;3,7;-1,592459;
0,8632861;3,7;-2,084157;
1,344606E-07;3,7;-2,255875;
-0,8746498;3,7;-2,111591;
-1,616142;3,7;-1,616142;
-2,111592;3,7;-0,8746502;
-2,285571;3,7;1,998109E-07;
-2,111592;3,7;0,8746501;
-1,616143;3,7;1,616143;
-0,9000146;3,7;2,172827;
1,401812E-07;3,7;2,35185;
0,8632865;3,7;2,084157;
1,595144;3,7;1,595145;
2,084157;3,7;0,863286;
2,256083;3,8;0;
2,080648;3,8;-0,8618326;
1,592459;3,8;-1,592459;
0,8632858;3,8;-2,084156;
1,344606E-07;3,8;-2,255875;
-0,863286;3,8;-2,084157;
-1,595146;3,8;-1,595146;
-2,084542;3,8;-0,8634456;
-2,252078;3,8;1,968829E-07;
-2,084157;3,8;0,8632861;
-1,616143;3,8;1,616143;
-0,8746504;3,8;2,111592;
1,362307E-07;3,8;2,285571;
0,8746504;3,8;2,111592;
1,568782;3,8;1,568782;
2,004193;3,8;0,8301637;
2,139626;3,9;0;
1,976757;3,9;-0,8187997;
1,533942;3,9;-1,533943;
0,8301639;3,9;-2,004193;
1,293017E-07;3,9;-2,169323;
-0,8301637;3,9;-2,004193;
-1,533944;3,9;-1,533944;
-2,088734;3,9;-0,8651823;
-2,252078;3,9;1,968829E-07;
-2,05991;3,9;0,8532426;
-1,5628;3,9;1,562799;
-0,8457814;3,9;2,041896;
1,317342E-07;3,9;2,210133;
0,8632862;3,9;2,084157;
1,53994;3,9;1,53994;
1,976757;3,9;0,8187995;
2,139626;4;0;
1,976757;4;-0,8187997;
1,512945;4;-1,512945;
0,8203373;4;-1,980469;
1,273054E-07;4;-2,13583;
-0,8187999;4;-1,976758;
-1,512945;4;-1,512945;
-1,976759;4;-0,8188007;
-2,139627;4;1,870521E-07;
-1,975367;4;0,8182241;
-1,498096;4;1,498095;
-0,8107633;4;1,957355;
1,2628E-07;4;2,118626;
0,8457811;4;2,041896;
1,53994;4;1,53994;
2,012029;4;0,8334095;
2,118626;4,1;0;
1,957355;4,1;-0,810763;
1,465241;4,1;-1,465242;
0,7853191;4,1;-1,895928;
1,273054E-07;4,1;-2,13583;
-0,8173466;4,1;-1,973249;
-1,512945;4,1;-1,512945;
-1,976759;4,1;-0,8188007;
-2,135828;4,1;1,867201E-07;
-1,976757;4,1;0,8187997;
-1,474412;4,1;1,474411;
-0,7979459;4,1;1,926411;
1,2451E-07;4,1;2,08893;
0,799399;4,1;1,929919;
1,477096;4,1;1,477097;
1,957355;4,1;0,8107629;
2,08893;4,2;0;
1,929919;4,2;-0,7993988;
1,430083;4,2;-1,430083;
0,7739549;4,2;-1,868493;
1,20547E-07;4,2;-2,022442;
-0,7853188;4,2;-1,895927;
-1,45108;4,2;-1,45108;
-1,895928;4,2;-0,7853192;
-2,052138;4,2;1,794036E-07;
-1,895928;4,2;0,7853191;
-1,45108;4,2;1,45108;
-0,7979459;4,2;1,926411;
1,238238E-07;4,2;2,077418;
0,7949936;4,2;1,919284;
1,468956;4,2;1,468956;
1,919283;4,2;0,794993;
1,98591;4,3;0;
1,919284;4,3;-0,7949932;
1,468956;4,3;-1,468956;
0,7739549;4,3;-1,868493;
1,204439E-07;4,3;-2,020714;
-0,7732936;4,3;-1,866896;
-1,42886;4,3;-1,428861;
-1,868493;4,3;-0,7739552;
-2,022442;4,3;1,768075E-07;
-1,868493;4,3;0,7739553;
-1,45108;4,3;1,45108;
-0,7791642;4,3;1,881068;
1,183695E-07;4,3;1,985911;
0,7599754;4,3;1,834742;
1,404251;4,3;1,404251;
1,834742;4,3;0,7599749;
1,98591;4,4;0;
1,834742;4,4;-0,7599751;
1,404251;4,4;-1,404251;
0,7459421;4,4;-1,800864;
1,149898E-07;4,4;-1,929208;
-0,7382754;4,4;-1,782355;
-1,364155;4,4;-1,364155;
-1,866896;4,4;-0,773294;
-2,010899;4,4;1,757983E-07;
-1,792628;4,4;0,7425308;
-1,358218;4,4;1,358217;
-0,7350621;4,4;1,774596;
1,144891E-07;4,4;1,920808;
0,7486109;4,4;1,807306;
1,380568;4,4;1,380568;
1,834743;4,4;0,7599754;
1,853329;4,5;0;
1,712253;4,5;-0,7092385;
1,310503;4,5;-1,310503;
0,689917;4,5;-1,665607;
1,112829E-07;4,5;-1,867017;
-0,7144762;4,5;-1,724898;
-1,364155;4,5;-1,364155;
-1,782355;4,5;-0,7382758;
-1,919393;4,5;1,677987E-07;
-1,708087;4,5;0,707513;
-1,293513;4,5;1,293513;
-0,7000439;4,5;1,690055;
1,090349E-07;4,5;1,829301;
0,7000434;4,5;1,690054;
1,324413;4,5;1,324413;
1,712252;4,5;0,7092382;
1,761823;4,6;0;
1,627712;4,6;-0,6742205;
1,245797;4,6;-1,245798;
0,6548986;4,6;-1,581065;
1,038323E-07;4,6;-1,742016;
-0,6666407;4,6;-1,609413;
-1,231792;4,6;-1,231792;
-1,609412;4,6;-0,6666406;
-1,677997;4,6;1,466951E-07;
-1,532157;4,6;0,6346405;
-1,26105;4,6;1,26105;
-0,6762326;4,6;1,63257;
1,090349E-07;4,6;1,829302;
0,7000434;4,6;1,690054;
1,259707;4,6;1,259708;
1,627712;4,6;0,6742205;
1,600041;4,7;0;
1,478245;4,7;-0,6123091;
1,1314;4,7;-1,1314;
0,6548986;4,7;-1,581065;
9,837806E-08;4,7;-1,65051;
-0,6316226;4,7;-1,524872;
-1,167086;4,7;-1,167086;
-1,509454;4,7;-0,6252366;
-1,566888;4,7;1,369817E-07;
-1,447616;4,7;0,5996221;
-1,107957;4,7;1,107956;
-0,6283971;4,7;1,517084;
9,288161E-08;4,7;1,558295;
0,5963334;4,7;1,439676;
1,10188;4,7;1,10188;
1,539897;4,7;0,6378461;
1,383535;4,8;0;
1,36276;4,8;-0,5644736;
1,043011;4,8;-1,043011;
0,5424685;4,8;-1,309635;
8,097343E-08;4,8;-1,358509;
-0,5198782;4,8;-1,255097;
-0,9606098;4,8;-0,9606098;
-1,339796;4,8;-0,5549618;
-1,57061;4,8;1,373071E-07;
-1,420181;4,8;0,5882582;
-1,08696;4,8;1,086959;
-0,593379;4,8;1,432543;
8,86338E-08;4,8;1,487028;
0,5613154;4,8;1,355135;
1,037175;4,8;1,037175;
1,324682;4,8;0,5487013;
1,383535;4,9;0;
1,278219;4,9;-0,5294557;
0,9783064;4,9;-0,9783067;
0,5074499;4,9;-1,225093;
7,551921E-08;4,9;-1,267002;
-0,4848604;4,9;-1,170557;
-0,8959053;4,9;-0,8959053;
-1,170557;4,9;-0,4848606;
-1,225388;4,9;1,071268E-07;
-1,13211;4,9;0,4689355;
-0,86648;4,9;0,8664796;
-0,4689355;4,9;1,13211;
6,82056E-08;4,9;1,1443;
0,4379047;4,9;1,057195;
0,8837949;4,9;0,883795;
1,328427;4,9;0,5502524;
1,124875;5;0;
1,023919;5;-0,4241209;
0,7543573;5;-0,7543574;
0,4402453;5;-1,062846;
6,755736E-08;5;-1,133424;
-0,4300312;5;-1,038187;
-0,8959053;5;-0,8959053;
-1,170557;5;-0,4848606;
-1,133881;5;9,912704E-08;
-1,04757;5;0,4339175;
-0,8017757;5;0,8017754;
-0,4274161;5;1,031873;
6,27514E-08;5;1,052794;
0,4028868;5;0,9726545;
0,7954065;5;0,7954067;
1,039249;5;0,4304709;
1,033368;5,1;0;
1,022278;5,1;-0,4234413;
0,6896524;5,1;-0,6896526;
0,357392;5,1;-0,8628206;
6,010676E-08;5,1;-1,008424;
-0,3670797;5,1;-0,886209;
-0,6782749;5,1;-0,678275;
-0,8277031;5,1;-0,3428459;
-0,8757052;5,1;7,655658E-08;
-0,8090461;5,1;0,3351179;
-0,6796126;5,1;0,6796123;
-0,3548479;5,1;0,8566785;
6,657195E-08;5,1;1,116892;
0,3954531;5,1;0,954708;
0,7307019;5,1;0,730702;
0,9547077;5,1;0,3954529;
0,7349386;5,2;0;
0,7175054;5,2;-0,2972005;
0,6686544;5,2;-0,6686545;
0,357392;5,2;-0,8628206;
5,465259E-08;5,2;-0,9169182;
-0,332062;5,2;-0,8016686;
-0,6135706;5,2;-0,6135706;
-0,7431628;5,2;-0,3078282;
-0,7841981;5,2;6,855677E-08;
-0,7245045;5,2;0,3000996;
-0,5811667;5,2;0,5811664;
-0,3070131;5,2;0,741195;
4,781864E-08;5,2;0,8022635;
0,2887182;5,2;0,6970273;
0,5196796;5,2;0,5196797;
0,6789942;5,2;0,2812486;
0,7014602;5,3;0;
0,6020206;5,3;-0,2493651;
0,4607666;5,3;-0,4607666;
0,2301899;5,3;-0,5557277;
3,427276E-08;5,3;-0,5750014;
-0,2200435;5,3;-0,531232;
-0,4065876;5,3;-0,4065876;
-0,6467166;5,3;-0,2678788;
-0,7000005;5,3;6,119599E-08;
-0,7245045;5,3;0,3000996;
-0,508013;5,3;0,5080128;
-0,2719948;5,3;0,6566533;
4,236439E-08;5,3;0,7107565;
0,2719951;5,3;0,656654;
0,4549753;5,3;0,4549753;
0,5944532;5,3;0,2462306;
0,550907;5,4;0;
0,4900444;5,4;-0,2029831;
0,3960616;5,4;-0,3960616;
0,20792;5,4;-0,5019633;
2,881853E-08;5,4;-0,4834946;
-0,1850257;5,4;-0,4466915;
-0,3418829;5,4;-0,3418829;
-0,5312313;5,4;-0,2200432;
-0,5750008;5,4;5,026817E-08;
-0,5312315;5,4;0,2200433;
-0,406587;5,4;0,4065869;
-0,2200433;5,4;0,5312314;
3,427273E-08;5,4;0,5750009;
0,2200433;5,4;0,5312313;
0,4339774;5,4;0,4339775;
0,5670182;5,4;0,2348666;
0,5750002;5,5;0;
0,4900444;5,5;-0,2029831;
0,3750637;5,5;-0,3750638;
0,1744386;5,5;-0,4211322;
2,682217E-08;5,5;-0,4500012;
-0,172208;5,5;-0,4157469;
-0,3208842;5,5;-0,3208843;
-0,4192558;5,5;-0,1736615;
-0,4537992;5,5;3,967239E-08;
-0,4466908;5,5;0,1850254;
-0,3418821;5,5;0,3418819;
-0,1850253;5,5;0,4466903;
2,881843E-08;5,5;0,4834929;
0,2200433;5,5;0,5312313;
0,4065866;5,5;0,4065867;
0,5312311;5,5;0,2200431;
0,4537987;5,6;0;
0,4192554;5,6;-0,1736613;
0,3418816;5,6;-0,3418816;
0,185025;5,6;-0,4466898;
2,704853E-08;5,6;-0,4537989;
-0,1722077;5,6;-0,4157463;
-0,3181984;5,6;-0,3181984;
-0,4157462;5,6;-0,1722078;
-0,450001;5,6;3,934034E-08;
-0,4157457;5,6;0,1722075;
-0,3181996;5,6;0,3181995;
-0,172208;5,6;0,4157468;
2,704851E-08;5,6;0,4537987;
0,1736614;5,6;0,4192555;
0,3208846;5,6;0,3208847;
0,4574341;5,6;0,1894754;
0,4500002;5,7;0;
0,415746;5,7;-0,1722076;
0,3208838;5,7;-0,3208839;
0,1736611;5,7;-0,4192549;
2,704851E-08;5,7;-0,4537986;
-0,1736613;5,7;-0,4192555;
-0,3181984;5,7;-0,3181984;
-0,4157462;5,7;-0,1722077;
-0,450001;5,7;3,934034E-08;
-0,4157457;5,7;0,1722075;
-0,3181981;5,7;0,3181979;
-0,172208;5,7;0,4157468;
2,682214E-08;5,7;0,4500007;
0,1722078;5,7;0,4157464;
0,3181989;5,7;0,3181989;
0,4157463;5,7;0,1722078;
0,4500006;5,8;0;
0,415746;5,8;-0,1722076;
0,3181983;5,8;-0,3181983;
0,1722077;5,8;-0,4157461;
2,682218E-08;5,8;-0,4500015;
-0,1722079;5,8;-0,4157466;
-0,3181987;5,8;-0,3181988;
-0,4157464;5,8;-0,1722078;
-0,4500009;5,8;3,934033E-08;
-0,4157466;5,8;0,1722079;
-0,3181991;5,8;0,3181989;
-0,1722077;5,8;0,4157462;
2,682212E-08;5,8;0,4500004;
0,1722078;5,8;0,4157464;
0,3181987;5,8;0,3181987;
0,419255;5,8;0,1736611;
0,4500003;5,9;0;
0,4157463;5,9;-0,1722077;
0,3208835;5,9;-0,3208835;
0,1722077;5,9;-0,4157461;
2,682218E-08;5,9;-0,4500015;
-0,1722079;5,9;-0,4157466;
-0,3181987;5,9;-0,3181987;
-0,4157464;5,9;-0,1722078;
-0,4500006;5,9;3,934031E-08;
-0,4157456;5,9;0,1722075;
-0,318198;5,9;0,3181978;
-0,1722081;5,9;0,415747;
2,682212E-08;5,9;0,4500004;
0,1736614;5,9;0,4192557;
0,3216134;5,9;0,3216134;
0,4157461;5,9;0,1722077;
0,4500003;6;0;
0,4157463;6;-0,1722078;
0,3208835;6;-0,3208835;
0,1722077;6;-0,4157462;
2,682212E-08;6;-0,4500005;
-0,1736614;6;-0,4192557;
-0,3208844;6;-0,3208845;
-0,4192553;6;-0,1736612;
-0,4500003;6;3,934028E-08;
-0,4157461;6;0,1722077;
-0,318198;6;0,3181979;
-0,1722078;6;0,4157461;
2,68222E-08;6;0,4500017;
0,1722077;6;0,415746;
0,3181982;6;0,3181982;
0,4157462;6;0,1722077;
0,4537989;6,1;0;
0,4192553;6,1;-0,1736612;
0,3418815;6,1;-0,3418816;
0,185025;6,1;-0,4466898;
2,881847E-08;6,1;-0,4834937;
-0,1850251;6,1;-0,44669;
-0,3418824;6,1;-0,3418824;
-0,5010506;6,1;-0,207542;
-0,4537992;6,1;3,967239E-08;
-0,4157461;6,1;0,1722077;
-0,3181989;6,1;0,3181988;
-0,1722077;6,1;0,4157462;
2,682212E-08;6,1;0,4500004;
0,1722082;6,1;0,4157474;
0,3181982;6,1;0,3181983;
0,4157462;6,1;0,1722077;
0,4834949;6,2;0;
0,5312314;6,2;-0,2200433;
0,4065869;6,2;-0,4065871;
0,2200431;6,2;-0,531231;
3,427274E-08;6,2;-0,5750011;
-0,2120328;6,2;-0,5118926;
-0,3917855;6,2;-0,3917855;
-0,5010506;6,2;-0,207542;
-0,4834952;6,2;4,226849E-08;
-0,4192558;6,2;0,1736614;
-0,3208842;6,2;0,3208841;
-0,1736616;6,2;0,4192561;
2,881851E-08;6,2;0,4834943;
0,1850254;6,2;0,4466907;
0,3418821;6,2;0,3418822;
0,4466902;6,2;0,1850251;
0,5750005;6,3;0;
0,6276123;6,3;-0,2599656;
0,4803536;6,3;-0,4803537;
0,253575;6,3;-0,6121844;
3,559464E-08;6,3;-0,5971789;
-0,2233969;6,3;-0,5393279;
-0,4127834;6,3;-0,4127835;
-0,5276853;6,3;-0,2185745;
-0,5711626;6,3;4,993262E-08;
-0,4466913;6,3;0,1850256;
-0,3418824;6,3;0,3418822;
-0,2200434;6,3;0,5312318;
3,42727E-08;6,3;0,5750004;
0,2200432;6,3;0,5312311;
0,4065866;6,3;0,4065866;
0,5312311;6,3;0,2200431;
0,7298384;6,4;0;
0,6276135;6,4;-0,2599661;
0,4803535;6,4;-0,4803538;
0,2599658;6,4;-0,627613;
3,949545E-08;6,4;-0,6626236;
-0,2584148;6,4;-0,6238686;
-0,4774876;6,4;-0,4774877;
-0,6122268;6,4;-0,2535927;
-0,6626695;6,4;5,793241E-08;
-0,5312319;6,4;0,2200435;
-0,4949754;6,4;0,4949753;
-0,2678787;6,4;0,6467165;
4,172333E-08;6,4;0,7000012;
0,2792973;6,4;0,6742831;
0,5160736;6,4;0,5160738;
0,6742827;6,4;0,2792971;
0,8213452;6,5;0;
0,7121541;6,5;-0,2949839;
0,5450589;6,5;-0,545059;
0,2949837;6,5;-0,7121539;
5,240017E-08;6,5;-0,8791288;
-0,3813669;6,5;-0,9207012;
-0,6646996;6,5;-0,6646996;
-0,8127387;6,5;-0,3366475;
-0,8797014;6,5;7,690593E-08;
-0,8127381;6,5;0,3366471;
-0,6511915;6,5;0,6511913;
-0,3524219;6,5;0,8508216;
5,489128E-08;6,5;0,9209227;
0,3143153;6,5;0,7588242;
0,5807784;6,5;0,5807786;
0,7588237;6,5;0,3143151;
0,9965593;6,6;0;
0,9207007;6,6;-0,3813667;
0,704674;6,6;-0,7046741;
0,381367;6,6;-0,9207014;
6,485378E-08;6,6;-1,088066;
-0,3813669;6,6;-0,9207012;
-0,6691381;6,6;-0,6691381;
-0,8684718;6,6;-0,3597328;
-0,9712076;6,6;8,490566E-08;
-0,8972796;6,6;0,3716654;
-0,6651106;6,6;0,6651103;
-0,3524221;6,6;0,8508217;
5,489128E-08;6,6;0,9209227;
0,3524221;6,6;0,8508219;
0,6691673;6,6;0,6691674;
0,8743092;6,6;0,3621507;
1,088066;6,7;0;
1,005242;6,7;-0,4163848;
0,7693787;6,7;-0,7693788;
0,4163849;6,7;-1,005242;
6,485378E-08;6,7;-1,088066;
-0,416385;6,7;-1,005242;
-0,7693796;6,7;-0,7693796;
-0,9530123;6,7;-0,3947507;
-1,096209;6,7;9,58336E-08;
-1,093062;6,7;0,4527611;
-0,8365936;6,7;0,8365932;
-0,4400522;6,7;1,06238;
6,854008E-08;6,7;1,149912;
0,4496723;6,7;1,085605;
0,8049102;6,7;0,8049103;
1,005243;6,7;0,4163851;
1,088067;6,8;0;
1,120727;6,8;-0,4642202;
0,8577672;6,8;-0,8577673;
0,5036314;6,8;-1,215874;
7,656713E-08;6,8;-1,284583;
-0,4720504;6,8;-1,139631;
-0,8722349;6,8;-0,872235;
-1,224172;6,8;-0,5070686;
-1,274628;6,8;1,114315E-07;
-1,093062;6,8;0,4527611;
-0,9012986;6,8;0,9012982;
-0,4750702;6,8;1,146921;
7,003847E-08;6,8;1,17505;
0,4496723;6,8;1,085605;
0,8308858;6,8;0,8308859;
1,051666;6,8;0,4356143;
1,457562;6,9;0;
1,300414;6,9;-0,5386493;
0,9952939;6,9;-0,9952942;
0,5036315;6,9;-1,215874;
7,844285E-08;6,9;-1,316052;
-0,507068;6,9;-1,224171;
-0,9369395;6,9;-0,9369395;
-1,224171;6,9;-0,5070684;
-1,307977;6,9;1,14347E-07;
-1,177603;6,9;0,4877791;
-0,9776658;6,9;0,9776654;
-0,5291089;6,9;1,277382;
8,144489E-08;6,9;1,366418;
0,5291088;6,9;1,277381;
0,9776654;6,9;0,9776654;
1,277382;6,9;0,529109;
1,474134;7;0;
1,346612;7;-0,5577849;
0,9952939;7;-0,9952941;
0,5386493;7;-1,300414;
9,134762E-08;7;-1,532558;
-0,5744422;7;-1,386826;
-1,024938;7;-1,024938;
-1,339147;7;-0,5546927;
-1,449482;7;1,267178E-07;
-1,339147;7;0,5546929;
-0,9913324;7;0,9913321;
-0,5291089;7;1,277382;
8,241111E-08;7;1,382629;
0,5641267;7;1,361922;
1,04237;7;1,04237;
1,361922;7;0,5641267;
1,633379;7,1;0;
1,493285;7,1;-0,618539;
1,095735;7,1;-1,095735;
0,5930076;7,1;-1,431647;
9,236357E-08;7,1;-1,549603;
-0,5930075;7,1;-1,431647;
-1,089643;7,1;-1,089643;
-1,339147;7,1;-0,5546927;
-1,540988;7,1;1,347175E-07;
-1,408196;7,1;0,5832938;
-1,056038;7,1;1,056037;
-0,5641272;7,1;1,361923;
8,786526E-08;7,1;1,474134;
0,564127;7,1;1,361923;
1,130758;7,1;1,130759;
1,477408;7,1;0,6119623;
1,724885;7,2;0;
1,577826;7,2;-0,653557;
1,16044;7,2;-1,16044;
0,6280258;7,2;-1,516188;
9,781779E-08;7,2;-1,64111;
-0,6280258;7,2;-1,516189;
-1,131497;7,2;-1,131497;
-1,539173;7,2;-0,6375463;
-1,665988;7,2;1,456453E-07;
-1,623291;7,2;0,6723892;
-1,214247;7,2;1,214246;
-0,6571454;7,2;1,586489;
1,023534E-07;7,2;1,717204;
0,6600855;7,2;1,593587;
1,219679;7,2;1,219679;
1,593586;7,2;0,6600851;
1,724885;7,3;0;
1,709072;7,3;-0,7079206;
1,272957;7,3;-1,272957;
0,6889193;7,3;-1,663199;
1,053032E-07;7,3;-1,766694;
-0,6760846;7,3;-1,632213;
-1,249241;7,3;-1,249242;
-1,716754;7,3;-0,7111029;
-1,858202;7,3;1,624491E-07;
-1,707832;7,3;0,7074074;
-1,242413;7,3;1,242413;
-0,6921633;7,3;1,67103;
1,078075E-07;7,3;1,80871;
0,6855788;7,3;1,655133;
1,219679;7,3;1,219679;
1,593587;7,3;0,6600853;
1,900875;7,4;0;
1,778516;7,4;-0,7366856;
1,272957;7,4;-1,272957;
0,6889195;7,4;-1,663199;
1,073023E-07;7,4;-1,800233;
-0,7111024;7,4;-1,716753;
-1,313946;7,4;-1,313946;
-1,716754;7,4;-0,7111029;
-1,858201;7,4;1,624491E-07;
-1,716755;7,4;0,7111031;
-1,307119;7,4;1,307118;
-0,7399987;7,4;1,786515;
1,152582E-07;7,4;1,933711;
0,7351104;7,4;1,774713;
1,344122;7,4;1,344122;
1,75618;7,4;0,7274333;
1,992382;7,5;0;
1,809559;7,5;-0,7495438;
1,361217;7,5;-1,361217;
0,7239376;7,5;-1,74774;
1,127566E-07;7,5;-1,891742;
-0,7589384;7,5;-1,832239;
-1,532638;7,5;-1,532639;
-1,955885;7,5;-0,8101542;
-2,117034;7,5;1,85077E-07;
-2,00942;7,5;0,8323289;
-1,51443;7,5;1,514429;
-0,8006806;7,5;1,933013;
1,247095E-07;7,5;2,092278;
0,7701283;7,5;1,859254;
1,408826;7,5;1,408826;
1,84072;7,5;0,7624511;
2,300836;7,6;0;
2,094852;7,6;-0,8677163;
1,60333;7,6;-1,60333;
0,8709973;7,6;-2,102773;
1,356617E-07;7,6;-2,276026;
-0,8709973;7,6;-2,102774;
-1,609393;7,6;-1,609393;
-2,002488;7,6;-0,8294581;
-2,208539;7,6;1,930766E-07;
-2,040424;7,6;0,8451713;
-1,537944;7,6;1,537943;
-0,8196036;7,6;1,978698;
1,247095E-07;7,6;2,092279;
0,8006803;7,6;1,933013;
1,5114;7,6;1,5114;
1,956207;7,6;0,8102873;
2,392343;7,7;0;
2,125695;7,7;-0,8804918;
1,668035;7,7;-1,668036;
0,8962928;7,7;-2,163842;
1,356617E-07;7,7;-2,276026;
-0,8709974;7,7;-2,102774;
-1,609393;7,7;-1,609393;
-2,218258;7,7;-0,9188328;
-2,333541;7,7;2,040047E-07;
-2,309699;7,7;0,9567086;
-1,767767;7,7;1,767767;
-0,9381622;7,7;2,264923;
1,490116E-07;7,7;2,5;
0,9412611;7,7;2,272405;
1,739223;7,7;1,739223;
2,272404;7,7;0,9412608;
2,5;7,8;0;
2,309699;7,8;-0,9567086;
1,767767;7,8;-1,767767;
0,9567085;7,8;-2,309699;
1,490116E-07;7,8;-2,5;
-0,9567085;7,8;-2,309699;
-1,767767;7,8;-1,767767;
-2,309699;7,8;-0,9567087;
-2,5;7,8;2,185569E-07;
-2,309699;7,8;0,9567086;
-1,767767;7,8;1,767767;
-0,9567088;7,8;2,309699;
1,490116E-07;7,8;2,5;
0,9412611;7,8;2,272405;
1,739223;7,8;1,739223;
2,272404;7,8;0,9412608;
2,5;7,9;0;
2,309699;7,9;-0,9567086;
1,767767;7,9;-1,767767;
0,9567085;7,9;-2,309699;
1,490116E-07;7,9;-2,5;
-0,9567085;7,9;-2,309699;
-1,767767;7,9;-1,767767;
-2,309699;7,9;-0,9567087;
-2,5;7,9;2,185569E-07;
-2,309699;7,9;0,9567086;
-1,767767;7,9;1,767767;
-0,9567088;7,9;2,309699;
1,490116E-07;7,9;2,5;
0,9567088;7,9;2,309699;
1,767767;7,9;1,767767;
2,309699;7,9;0,9567086;
2,5;8;0;
2,309699;8;-0,9567086;
1,767767;8;-1,767767;
0,9567085;8;-2,309699;
1,490116E-07;8;-2,5;
-0,9567085;8;-2,309699;
-1,767767;8;-1,767767;
-2,309699;8;-0,9567087;
-2,5;8;2,185569E-07;
-2,309699;8;0,9567086;
-1,767767;8;1,767767;
-0,9567088;8;2,309699;
1,490116E-07;8;2,5;
0,9567088;8;2,309699;
1,767767;8;1,767767;
2,309699;8;0,9567086;
2,5;8,1;0;
2,309699;8,1;-0,9567086;
1,767767;8,1;-1,767767;
0,9567085;8,1;-2,309699;
1,490116E-07;8,1;-2,5;
-0,9567085;8,1;-2,309699;
-1,767767;8,1;-1,767767;
-2,309699;8,1;-0,9567087;
-2,5;8,1;2,185569E-07;
-2,309699;8,1;0,9567086;
-1,767767;8,1;1,767767;
-0,9567088;8,1;2,309699;
1,490116E-07;8,1;2,5;
0,9567088;8,1;2,309699;
1,767767;8,1;1,767767;
2,309699;8,1;0,9567086;
2,5;8,2;0;
2,309699;8,2;-0,9567086;
1,767767;8,2;-1,767767;
0,9567085;8,2;-2,309699;
1,490116E-07;8,2;-2,5;
-0,9567085;8,2;-2,309699;
-1,767767;8,2;-1,767767;
-2,309699;8,2;-0,9567087;
-2,5;8,2;2,185569E-07;
-2,309699;8,2;0,9567086;
-1,767767;8,2;1,767767;
-0,9567088;8,2;2,309699;
1,490116E-07;8,2;2,5;
0,9567088;8,2;2,309699;
1,767767;8,2;1,767767;
2,309699;8,2;0,9567086;
2,5;8,3;0;
2,309699;8,3;-0,9567086;
1,767767;8,3;-1,767767;
0,9567085;8,3;-2,309699;
1,490116E-07;8,3;-2,5;
-0,9567085;8,3;-2,309699;
-1,767767;8,3;-1,767767;
-2,309699;8,3;-0,9567087;
-2,5;8,3;2,185569E-07;
-2,309699;8,3;0,9567086;
-1,767767;8,3;1,767767;
-0,9567088;8,3;2,309699;
1,490116E-07;8,3;2,5;
0,9567088;8,3;2,309699;
1,767767;8,3;1,767767;
2,309699;8,3;0,9567086;
2,5;8,400001;0;
2,309699;8,400001;-0,9567086;
1,767767;8,400001;-1,767767;
0,9567085;8,400001;-2,309699;
1,490116E-07;8,400001;-2,5;
-0,9567085;8,400001;-2,309699;
-1,767767;8,400001;-1,767767;
-2,309699;8,400001;-0,9567087;
-2,5;8,400001;2,185569E-07;
-2,309699;8,400001;0,9567086;
-1,767767;8,400001;1,767767;
-0,9567088;8,400001;2,309699;
1,490116E-07;8,400001;2,5;
0,9567088;8,400001;2,309699;
1,767767;8,400001;1,767767;
2,309699;8,400001;0,9567086;
2,5;8,5;0;
2,309699;8,5;-0,9567086;
1,767767;8,5;-1,767767;
0,9567085;8,5;-2,309699;
1,490116E-07;8,5;-2,5;
-0,9567085;8,5;-2,309699;
-1,767767;8,5;-1,767767;
-2,309699;8,5;-0,9567087;
-2,5;8,5;2,185569E-07;
-2,309699;8,5;0,9567086;
-1,767767;8,5;1,767767;
-0,9567088;8,5;2,309699;
1,490116E-07;8,5;2,5;
0,9567088;8,5;2,309699;
1,767767;8,5;1,767767;
2,309699;8,5;0,9567086;
2,5;8,6;0;
2,309699;8,6;-0,9567086;
1,767767;8,6;-1,767767;
0,9567085;8,6;-2,309699;
1,490116E-07;8,6;-2,5;
-0,9567085;8,6;-2,309699;
-1,767767;8,6;-1,767767;
-2,309699;8,6;-0,9567087;
-2,5;8,6;2,185569E-07;
-2,309699;8,6;0,9567086;
-1,767767;8,6;1,767767;
-0,9567088;8,6;2,309699;
1,490116E-07;8,6;2,5;
0,9567088;8,6;2,309699;
1,767767;8,6;1,767767;
2,309699;8,6;0,9567086;
2,02963;8,7;0;
1,875134;8,7;-0,7767059;
1,493747;8,7;-1,493747;
0,8160282;8,7;-1,970066;
1,314301E-07;8,7;-2,20503;
-0,8438286;8,7;-2,037182;
-1,594488;8,7;-1,594488;
-2,144568;8,7;-0,8883095;
-2,388461;8,7;2,088059E-07;
-2,283419;8,7;0,945823;
-1,762571;8,7;1,76257;
-0,9567088;8,7;2,309699;
1,490116E-07;8,7;2,5;
0,9567088;8,7;2,309699;
1,428976;8,7;1,428976;
1,81297;8,7;0,7509566;
1,887897;8,8;0;
1,805827;8,8;-0,7479982;
1,429042;8,8;-1,429042;
0,7799754;8,8;-1,883027;
1,2533E-07;8,8;-2,102689;
-0,5625153;8,8;-1,358032;
-1,075075;8,8;-1,075075;
-1,466431;8,8;-0,6074158;
-1,529021;8,8;1,336712E-07;
-1,474294;8,8;0,6106729;
-1,128376;8,8;1,128376;
-0,635918;8,8;1,535241;
1,030684E-07;8,8;1,729201;
0,6714433;8,8;1,621007;
1,252243;8,8;1,252243;
1,682579;8,8;0,6969469;
1,169171;8,900001;0;
1,011499;8,900001;-0,4189768;
0,8446769;8,900001;-0,844677;
0,4571358;8,900001;-1,103624;
7,321718E-08;8,900001;-1,22838;
-0,4956746;8,900001;-1,196664;
-0,9510045;8,900001;-0,9510046;
-1,27495;8,900001;-0,5281016;
-1,379996;8,900001;1,206431E-07;
-1,343391;8,900001;0,556451;
-1,063671;8,900001;1,063671;
-0,6074477;8,900001;1,466508;
9,684397E-08;8,900001;1,624772;
0,647092;8,900001;1,562218;
1,231245;8,900001;1,231245;
1,003826;8,900001;0,4157982;
0,9526654;9;0;
0,9269592;9;-0,3839591;
0,7465008;9;-0,7465009;
0,4221178;9;-1,019083;
6,776302E-08;9;-1,136875;
-0,4606569;9;-1,112124;
-0,8773803;9;-0,8773804;
-1,19259;9;-0,4939873;
-0,7000004;9;6,119599E-08;
-0,6640089;9;0,2750415;
-0,4675223;9;0,4675221;
-0,28469;9;0,6873023;
4,434172E-08;9;0,7439306;
0,2976901;9;0,7186874;
0,5973957;9;0,5973958;
0,8420684;9;0,3487962;
0,8733887;9,1;0;
0,8687431;9,1;-0,3598452;
0,6884657;9,1;-0,6884658;
0,3926391;9,1;-0,9479147;
4,172329E-08;9,1;-0,7000005;
-0,2200433;9,1;-0,5312318;
-0,4065874;9,1;-0,4065874;
-0,5312316;9,1;-0,2200434;
-0,5750007;9,1;5,026815E-08;
-0,5312313;9,1;0,2200433;
-0,4028184;9,1;0,4028181;
-0,2180037;9,1;0,5263074;
3,888758E-08;9,1;0,6524253;
0,2690455;9,1;0,6495332;
0,5204719;9,1;0,520472;
0,7728353;9,1;0,3201188;
0,575001;9,2;0;
0,5312313;9,2;-0,2200432;
0,4065868;9,2;-0,4065869;
0,2200432;9,2;-0,5312312;
3,42727E-08;9,2;-0,5750005;
-0,1850253;9,2;-0,4466908;
-0,3418823;9,2;-0,3418823;
-0,4466908;9,2;-0,1850254;
-0,4953862;9,2;4,330803E-08;
-0,419256;9,2;0,1736615;
-0,3463205;9,2;0,3463203;
-0,2066394;9,2;0,4988714;
3,47638E-08;9,2;0,5832397;
0,2513085;9,2;0,6067123;
0,5090079;9,2;0,509008;
0,705171;9,2;0,2920914;
0,4834948;9,3;0;
0,4466909;9,3;-0,1850254;
0,3492736;9,3;-0,3492736;
0,1740574;9,3;-0,4202116;
2,704851E-08;9,3;-0,4537987;
-0,1740566;9,3;-0,4202098;
-0,3181987;9,3;-0,3181987;
-0,4157466;9,3;-0,1722079;
-0,4500009;9,3;3,934032E-08;
-0,415747;9,3;0,172208;
-0,3208847;9,3;0,3208846;
-0,1874273;9,3;0,4524894;
3,294084E-08;9,3;0,5526555;
0,2200433;9,3;0,5312313;
0,3418812;9,3;0,3418812;
0,4466911;9,3;0,1850255;
0,4500003;9,400001;0;
0,4157461;9,400001;-0,1722077;
0,3181989;9,400001;-0,318199;
0,172208;9,400001;-0,415747;
2,682219E-08;9,400001;-0,4500016;
-0,1722081;9,400001;-0,4157472;
-0,3181989;9,400001;-0,3181989;
-0,4157466;9,400001;-0,1722079;
-0,4500009;9,400001;3,934032E-08;
-0,415747;9,400001;0,172208;
-0,3181991;9,400001;0,3181989;
-0,1859742;9,400001;0,4489813;
2,881848E-08;9,400001;0,4834938;
0,1736615;9,400001;0,4192558;
0,3208844;9,400001;0,3208845;
0,4157462;9,400001;0,1722077;
0,4500004;9,5;0;
0,4157461;9,5;-0,1722077;
0,3181989;9,5;-0,318199;
0,172208;9,5;-0,415747;
2,682217E-08;9,5;-0,4500013;
-0,1722081;9,5;-0,4157472;
-0,320884;9,5;-0,3208841;
-0,419255;9,5;-0,1736611;
-0,4537985;9,5;3,967232E-08;
-0,4157466;9,5;0,1722079;
-0,3181987;9,5;0,3181986;
-0,172208;9,5;0,4157466;
2,682211E-08;9,5;0,4500003;
0,1722078;9,5;0,4157463;
0,3181984;9,5;0,3181985;
0,4157467;9,5;0,1722079;
0,4537992;9,6;0;
0,4192549;9,6;-0,1736611;
0,3208843;9,6;-0,3208844;
0,1722079;9,6;-0,4157466;
2,682211E-08;9,6;-0,4500003;
-0,1722078;9,6;-0,4157464;
-0,3181987;9,6;-0,3181987;
-0,4157464;9,6;-0,1722078;
-0,4500006;9,6;3,934031E-08;
-0,4192552;9,6;0,1736612;
-0,3181987;9,6;0,3181986;
-0,172208;9,6;0,4157466;
2,682211E-08;9,6;0,4500003;
0,1722077;9,6;0,4157461;
0,3181984;9,6;0,3181985;
0,4192548;9,6;0,173661;
0,4500004;9,7;0;
0,4157462;9,7;-0,1722077;
0,3181987;9,7;-0,3181988;
0,1722078;9,7;-0,4157466;
2,682211E-08;9,7;-0,4500003;
-0,1722076;9,7;-0,4157461;
-0,3181985;9,7;-0,3181986;
-0,4157467;9,7;-0,1722079;
-0,4500006;9,7;3,934031E-08;
-0,4192554;9,7;0,1736613;
-0,3208841;9,7;0,3208839;
-0,1850251;9,7;0,4466901;
2,881847E-08;9,7;0,4834937;
0,1850251;9,7;0,4466899;
0,3418823;9,7;0,3418824;
0,44669;9,7;0,185025;
0,4548288;9,8;0;
0,4157462;9,8;-0,1722077;
0,3181987;9,8;-0,3181987;
0,172208;9,8;-0,4157469;
2,682216E-08;9,8;-0,4500012;
-0,1722077;9,8;-0,4157461;
-0,3181985;9,8;-0,3181986;
-0,4157462;9,8;-0,1722078;
-0,4537988;9,8;3,967235E-08;
-0,4192556;9,8;0,1736614;
-0,3208844;9,8;0,3208843;
-0,1850256;9,8;0,4466911;
2,881853E-08;9,8;0,4834946;
0,1850251;9,8;0,44669;
0,3418817;9,8;0,3418817;
0,4466904;9,8;0,1850252;
0,4834942;9,900001;0;
0,4466908;9,900001;-0,1850254;
0,3418826;9,900001;-0,3418826;
0,1850249;9,900001;-0,4466896;
2,682216E-08;9,900001;-0,4500012;
-0,1722077;9,900001;-0,4157461;
-0,3181983;9,900001;-0,3181983;
-0,4157462;9,900001;-0,1722078;
-0,4500005;9,900001;3,934029E-08;
-0,4192557;9,900001;0,1736614;
-0,3208839;9,900001;0,3208838;
-0,1736611;9,900001;0,4192549;
2,881853E-08;9,900001;0,4834947;
0,1850253;9,900001;0,4466906;
0,3418817;9,900001;0,3418817;
0,4466904;9,900001;0,1850252;
0;-0,1;0;
0;10;0;
