1,21671;0;0;
1,124094;0;-0,4656147;
0,8603437;0;-0,8603447;
0,4656147;0;-1,124094;
7,252159E-08;0;-1,21671;
-0,4656147;0;-1,124094;
-0,8603437;0;-0,8603447;
-1,124094;0;-0,4656147;
-1,21671;0;1,063682E-07;
-1,124094;0;0,4656147;
-0,8603447;0;0,8603437;
-0,4656147;0;1,124094;
7,252159E-08;0;1,21671;
0,4656147;0;1,124094;
0,8603437;0;0,8603447;
1,124094;0;0,4656147;
1,105188;0,1;0;
1,02106;0,1;-0,4229372;
0,7814859;0,1;-0,7814859;
0,4229372;0,1;-1,02106;
6,587434E-08;0,1;-1,105188;
-0,4229372;0,1;-1,02106;
-0,7814859;0,1;-0,7814859;
-1,02106;0,1;-0,4229372;
-1,105188;0,1;9,661854E-08;
-1,02106;0,1;0,4229372;
-0,7814859;0,1;0,7814859;
-0,4229372;0,1;1,02106;
6,587434E-08;0,1;1,105188;
0,4229372;0,1;1,02106;
0,7814859;0,1;0,7814859;
1,02106;0,1;0,4229372;
1,026041;0,2;0;
0,9479383;0,2;-0,3926488;
0,7255204;0,2;-0,7255207;
0,3926488;0,2;-0,9479383;
6,115682E-08;0,2;-1,026041;
-0,3926488;0,2;-0,9479383;
-0,7255204;0,2;-0,7255207;
-0,9479383;0,2;-0,392649;
-1,026041;0,2;8,969933E-08;
-0,9479383;0,2;0,3926488;
-0,7255212;0,2;0,72552;
-0,392649;0,2;0,9479383;
6,115682E-08;0,2;1,026041;
0,392649;0,2;0,9479383;
0,7255204;0,2;0,7255207;
0,9479383;0,2;0,3926488;
0,9928913;0,3;0;
0,917312;0,3;-0,379963;
0,7020801;0,3;-0,7020801;
0,379963;0,3;-0,917312;
5,918094E-08;0,3;-0,9928913;
-0,379963;0,3;-0,917312;
-0,7020801;0,3;-0,7020801;
-0,917312;0,3;-0,379963;
-0,9928913;0,3;8,680134E-08;
-0,917312;0,3;0,379963;
-0,7020802;0,3;0,7020801;
-0,379963;0,3;0,917312;
5,918094E-08;0,3;0,9928913;
0,379963;0,3;0,917312;
0,7020801;0,3;0,7020801;
0,917312;0,3;0,379963;
0,978593;0,4;0;
0,9041021;0,4;-0,3744911;
0,691969;0,4;-0,6919705;
0,3744911;0,4;-0,9041021;
5,832869E-08;0,4;-0,978593;
-0,3744911;0,4;-0,9041021;
-0,691969;0,4;-0,6919705;
-0,9041021;0,4;-0,3744911;
-0,978593;0,4;8,555129E-08;
-0,9041021;0,4;0,3744911;
-0,6919705;0,4;0,691969;
-0,3744911;0,4;0,9041021;
5,832869E-08;0,4;0,978593;
0,3744911;0,4;0,9041021;
0,691969;0,4;0,6919705;
0,9041021;0,4;0,3744911;
0,9553019;0,5;0;
0,8825839;0,5;-0,3655783;
0,6755005;0,5;-0,6755005;
0,3655781;0,5;-0,8825839;
5,694044E-08;0,5;-0,9553019;
-0,3655781;0,5;-0,8825839;
-0,6755005;0,5;-0,6755005;
-0,8825839;0,5;-0,3655783;
-0,9553019;0,5;8,351515E-08;
-0,8825839;0,5;0,3655783;
-0,6755005;0,5;0,6755005;
-0,3655783;0,5;0,8825839;
5,694044E-08;0,5;0,9553019;
0,3655783;0,5;0,8825839;
0,6755005;0,5;0,6755005;
0,8825839;0,5;0,3655783;
0,1456326;0,6;0;
0,134547;0,6;-0,05573121;
0,1029778;0,6;-0,1029778;
0,05573121;0,6;-0,134547;
8,680382E-09;0,6;-0,1456326;
-0,05573121;0,6;-0,134547;
-0,1029778;0,6;-0,1029778;
-0,134547;0,6;-0,05573121;
-0,1456326;0,6;1,273161E-08;
-0,134547;0,6;0,05573121;
-0,1029778;0,6;0,1029778;
-0,05573121;0,6;0,134547;
8,680382E-09;0,6;0,1456326;
0,05573121;0,6;0,134547;
0,1029778;0,6;0,1029778;
0,134547;0,6;0,05573121;
2,405114;0,7;0;
2,222036;0,7;-0,9203969;
1,700672;0,7;-1,700673;
0,9203969;0,7;-2,222036;
1,43356E-07;0,7;-2,405114;
-0,9203969;0,7;-2,222036;
-1,700672;0,7;-1,700673;
-2,222036;0,7;-0,9203969;
-2,405114;0,7;2,102618E-07;
-2,222036;0,7;0,9203969;
-1,700673;0,7;1,700672;
-0,9203969;0,7;2,222036;
1,43356E-07;0,7;2,405114;
0,9203969;0,7;2,222036;
1,700672;0,7;1,700673;
2,222036;0,7;0,9203969;
2,390957;0,8;0;
2,208956;0,8;-0,9149807;
1,690662;0,8;-1,690662;
0,9149807;0,8;-2,208956;
1,425122E-07;0,8;-2,390957;
-0,9149807;0,8;-2,208956;
-1,690662;0,8;-1,690662;
-2,208956;0,8;-0,9149807;
-2,390957;0,8;2,090241E-07;
-2,208956;0,8;0,9149807;
-1,690664;0,8;1,69066;
-0,9149807;0,8;2,208956;
1,425122E-07;0,8;2,390957;
0,9149807;0,8;2,208956;
1,690662;0,8;1,690662;
2,208956;0,8;0,9149807;
2,345236;0,9;0;
2,166715;0,9;-0,8974831;
1,658332;0,9;-1,658332;
0,8974831;0,9;-2,166715;
1,397869E-07;0,9;-2,345236;
-0,8974831;0,9;-2,166715;
-1,658332;0,9;-1,658332;
-2,166715;0,9;-0,8974838;
-2,345236;0,9;2,05027E-07;
-2,166715;0,9;0,8974831;
-1,658332;0,9;1,658332;
-0,8974838;0,9;2,166715;
1,397869E-07;0,9;2,345236;
0,8974838;0,9;2,166715;
1,658332;0,9;1,658332;
2,166715;0,9;0,8974831;
2,265109;1;0;
2,092688;1;-0,8668197;
1,601674;1;-1,601674;
0,8668197;1;-2,092688;
1,35011E-07;1;-2,265109;
-0,8668197;1;-2,092688;
-1,601674;1;-1,601674;
-2,092688;1;-0,8668203;
-2,265109;1;1,98022E-07;
-2,092688;1;0,8668203;
-1,601674;1;1,601674;
-0,8668203;1;2,092688;
1,35011E-07;1;2,265109;
0,8668203;1;2,092688;
1,601674;1;1,601674;
2,092688;1;0,8668197;
2,23335;1,1;0;
2,063346;1,1;-0,8546667;
1,579217;1,1;-1,579217;
0,8546667;1,1;-2,063346;
1,33118E-07;1,1;-2,23335;
-0,8546667;1,1;-2,063346;
-1,579217;1,1;-1,579217;
-2,063346;1,1;-0,8546667;
-2,23335;1,1;1,952457E-07;
-2,063346;1,1;0,8546667;
-1,579217;1,1;1,579217;
-0,8546667;1,1;2,063346;
1,33118E-07;1,1;2,23335;
0,8546667;1,1;2,063346;
1,579217;1,1;1,579217;
2,063346;1,1;0,8546667;
2,218428;1,2;0;
2,04956;1,2;-0,8489556;
1,568665;1,2;-1,568665;
0,8489556;1,2;-2,04956;
1,322286E-07;1,2;-2,218428;
-0,8489556;1,2;-2,04956;
-1,568665;1,2;-1,568665;
-2,04956;1,2;-0,8489556;
-2,218428;1,2;1,93941E-07;
-2,04956;1,2;0,8489556;
-1,568665;1,2;1,568665;
-0,8489556;1,2;2,04956;
1,322286E-07;1,2;2,218428;
0,8489556;1,2;2,04956;
1,568665;1,2;1,568665;
2,04956;1,2;0,8489556;
2,194265;1,3;0;
2,027236;1,3;-0,8397091;
1,551579;1,3;-1,551579;
0,8397091;1,3;-2,027236;
1,307884E-07;1,3;-2,194265;
-0,8397091;1,3;-2,027236;
-1,551579;1,3;-1,551579;
-2,027236;1,3;-0,8397091;
-2,194265;1,3;1,918285E-07;
-2,027236;1,3;0,8397091;
-1,55158;1,3;1,551579;
-0,8397091;1,3;2,027236;
1,307884E-07;1,3;2,194265;
0,8397091;1,3;2,027236;
1,551579;1,3;1,551579;
2,027236;1,3;0,8397091;
2,114769;1,4;0;
1,953791;1,4;-0,8092874;
1,495367;1,4;-1,495367;
0,8092874;1,4;-1,953791;
1,260501E-07;1,4;-2,114769;
-0,8092874;1,4;-1,953791;
-1,495367;1,4;-1,495367;
-1,953791;1,4;-0,8092874;
-2,114769;1,4;1,848791E-07;
-1,953791;1,4;0,8092874;
-1,495367;1,4;1,495367;
-0,8092874;1,4;1,953791;
1,260501E-07;1,4;2,114769;
0,8092874;1,4;1,953791;
1,495367;1,4;1,495367;
1,953791;1,4;0,8092874;
2,082692;1,5;0;
1,924157;1,5;-0,7970121;
1,472686;1,5;-1,472686;
0,7970121;1,5;-1,924157;
1,241382E-07;1,5;-2,082692;
-0,7970121;1,5;-1,924157;
-1,472686;1,5;-1,472686;
-1,924157;1,5;-0,7970121;
-2,082692;1,5;1,820746E-07;
-1,924157;1,5;0,7970121;
-1,472686;1,5;1,472686;
-0,7970121;1,5;1,924157;
1,241382E-07;1,5;2,082692;
0,7970121;1,5;1,924157;
1,472686;1,5;1,472686;
1,924157;1,5;0,7970121;
2,068613;1,6;0;
1,911149;1,6;-0,7916241;
1,462729;1,6;-1,462731;
0,7916241;1,6;-1,911149;
1,232989E-07;1,6;-2,068613;
-0,7916241;1,6;-1,911149;
-1,462729;1,6;-1,462731;
-1,911149;1,6;-0,7916241;
-2,068613;1,6;1,808438E-07;
-1,911149;1,6;0,7916241;
-1,462731;1,6;1,462729;
-0,7916241;1,6;1,911149;
1,232989E-07;1,6;2,068613;
0,7916241;1,6;1,911149;
1,462729;1,6;1,462731;
1,911149;1,6;0,7916241;
2,045078;1,7;0;
1,889405;1,7;-0,782617;
1,446088;1,7;-1,446088;
0,782617;1,7;-1,889405;
1,218961E-07;1,7;-2,045078;
-0,782617;1,7;-1,889405;
-1,446088;1,7;-1,446088;
-1,889405;1,7;-0,782617;
-2,045078;1,7;1,787864E-07;
-1,889405;1,7;0,782617;
-1,446088;1,7;1,446088;
-0,782617;1,7;1,889405;
1,218961E-07;1,7;2,045078;
0,782617;1,7;1,889405;
1,446088;1,7;1,446088;
1,889405;1,7;0,782617;
1,964623;1,8;0;
1,815076;1,8;-0,7518286;
1,389199;1,8;-1,389199;
0,7518286;1,8;-1,815076;
1,171007E-07;1,8;-1,964623;
-0,7518286;1,8;-1,815076;
-1,389199;1,8;-1,389199;
-1,815076;1,8;-0,7518286;
-1,964623;1,8;1,717529E-07;
-1,815076;1,8;0,7518286;
-1,389199;1,8;1,389199;
-0,7518286;1,8;1,815076;
1,171007E-07;1,8;1,964623;
0,7518286;1,8;1,815076;
1,389199;1,8;1,389199;
1,815076;1,8;0,7518286;
1,938501;1,9;0;
1,790941;1,9;-0,7418321;
1,370727;1,9;-1,370727;
0,7418321;1,9;-1,790941;
1,155437E-07;1,9;-1,938501;
-0,7418321;1,9;-1,790941;
-1,370727;1,9;-1,370727;
-1,790941;1,9;-0,7418321;
-1,938501;1,9;1,694691E-07;
-1,790941;1,9;0,7418321;
-1,370727;1,9;1,370727;
-0,7418321;1,9;1,790941;
1,155437E-07;1,9;1,938501;
0,7418321;1,9;1,790941;
1,370727;1,9;1,370727;
1,790941;1,9;0,7418321;
1,92131;2;0;
1,775059;2;-0,7352536;
1,358571;2;-1,358571;
0,7352536;2;-1,775059;
1,14519E-07;2;-1,92131;
-0,7352536;2;-1,775059;
-1,358571;2;-1,358571;
-1,775059;2;-0,7352536;
-1,92131;2;1,679663E-07;
-1,775059;2;0,7352536;
-1,358571;2;1,358571;
-0,7352536;2;1,775059;
1,14519E-07;2;1,92131;
0,7352536;2;1,775059;
1,358571;2;1,358571;
1,775059;2;0,7352536;
1,897876;2,1;0;
1,753409;2,1;-0,7262858;
1,342001;2,1;-1,342001;
0,7262858;2,1;-1,753409;
1,131222E-07;2,1;-1,897876;
-0,7262858;2,1;-1,753409;
-1,342001;2,1;-1,342001;
-1,753409;2,1;-0,7262858;
-1,897876;2,1;1,659177E-07;
-1,753409;2,1;0,7262858;
-1,342001;2,1;1,342001;
-0,7262858;2,1;1,753409;
1,131222E-07;2,1;1,897876;
0,7262858;2,1;1,753409;
1,342001;2,1;1,342001;
1,753409;2,1;0,7262858;
1,804066;2,2;0;
1,666739;2,2;-0,6903865;
1,275667;2,2;-1,275667;
0,6903865;2,2;-1,666739;
1,075307E-07;2,2;-1,804066;
-0,6903865;2,2;-1,666739;
-1,275667;2,2;-1,275667;
-1,666739;2,2;-0,6903865;
-1,804066;2,2;1,577162E-07;
-1,666739;2,2;0,6903865;
-1,275667;2,2;1,275667;
-0,6903865;2,2;1,666739;
1,075307E-07;2,2;1,804066;
0,6903865;2,2;1,666739;
1,275667;2,2;1,275667;
1,666739;2,2;0,6903865;
1,780423;2,3;0;
1,644896;2,3;-0,6813389;
1,258949;2,3;-1,258949;
0,6813389;2,3;-1,644896;
1,061215E-07;2,3;-1,780423;
-0,6813389;2,3;-1,644896;
-1,258949;2,3;-1,258949;
-1,644896;2,3;-0,6813389;
-1,780423;2,3;1,556495E-07;
-1,644896;2,3;0,6813389;
-1,258949;2,3;1,258949;
-0,6813389;2,3;1,644896;
1,061215E-07;2,3;1,780423;
0,6813389;2,3;1,644896;
1,258949;2,3;1,258949;
1,644896;2,3;0,6813389;
1,747954;2,4;0;
1,614899;2,4;-0,6689131;
1,23599;2,4;-1,23599;
0,6689131;2,4;-1,614899;
1,041862E-07;2,4;-1,747954;
-0,6689131;2,4;-1,614899;
-1,23599;2,4;-1,23599;
-1,614899;2,4;-0,6689131;
-1,747954;2,4;1,528109E-07;
-1,614899;2,4;0,6689131;
-1,23599;2,4;1,23599;
-0,6689131;2,4;1,614899;
1,041862E-07;2,4;1,747954;
0,6689131;2,4;1,614899;
1,23599;2,4;1,23599;
1,614899;2,4;0,6689131;
1,733009;2,5;0;
1,601092;2,5;-0,6631939;
1,225423;2,5;-1,225423;
0,6631939;2,5;-1,601092;
1,032954E-07;2,5;-1,733009;
-0,6631939;2,5;-1,601092;
-1,225423;2,5;-1,225423;
-1,601092;2,5;-0,6631941;
-1,733009;2,5;1,515043E-07;
-1,601092;2,5;0,6631939;
-1,225423;2,5;1,225423;
-0,6631941;2,5;1,601092;
1,032954E-07;2,5;1,733009;
0,6631941;2,5;1,601092;
1,225423;2,5;1,225423;
1,601092;2,5;0,6631939;
1,653504;2,6;0;
1,527639;2,6;-0,6327688;
1,169204;2,6;-1,169204;
0,6327688;2,6;-1,527639;
9,855656E-08;2,6;-1,653504;
-0,6327688;2,6;-1,527639;
-1,169204;2,6;-1,169204;
-1,527639;2,6;-0,6327688;
-1,653504;2,6;1,44554E-07;
-1,527639;2,6;0,6327688;
-1,169204;2,6;1,169204;
-0,6327688;2,6;1,527639;
9,855656E-08;2,6;1,653504;
0,6327688;2,6;1,527639;
1,169204;2,6;1,169204;
1,527639;2,6;0,6327688;
1,629995;2,7;0;
1,505919;2,7;-0,6237719;
1,15258;2,7;-1,15258;
0,6237719;2,7;-1,505919;
9,715529E-08;2,7;-1,629995;
-0,6237719;2,7;-1,505919;
-1,15258;2,7;-1,15258;
-1,505919;2,7;-0,6237719;
-1,629995;2,7;1,424987E-07;
-1,505919;2,7;0,6237719;
-1,15258;2,7;1,15258;
-0,6237719;2,7;1,505919;
9,715529E-08;2,7;1,629995;
0,6237719;2,7;1,505919;
1,15258;2,7;1,15258;
1,505919;2,7;0,6237719;
1,598164;2,8;0;
1,476511;2,8;-0,6115909;
1,130072;2,8;-1,130072;
0,6115909;2,8;-1,476511;
9,5258E-08;2,8;-1,598164;
-0,6115909;2,8;-1,476511;
-1,130072;2,8;-1,130072;
-1,476511;2,8;-0,6115915;
-1,598164;2,8;1,39716E-07;
-1,476511;2,8;0,6115909;
-1,130072;2,8;1,130072;
-0,6115915;2,8;1,476511;
9,5258E-08;2,8;1,598164;
0,6115915;2,8;1,476511;
1,130072;2,8;1,130072;
1,476511;2,8;0,6115909;
1,583716;2,9;0;
1,463162;2,9;-0,6060616;
1,119856;2,9;-1,119856;
0,6060616;2,9;-1,463162;
9,439682E-08;2,9;-1,583716;
-0,6060616;2,9;-1,463162;
-1,119856;2,9;-1,119856;
-1,463162;2,9;-0,6060616;
-1,583716;2,9;1,384529E-07;
-1,463162;2,9;0,6060616;
-1,119856;2,9;1,119856;
-0,6060616;2,9;1,463162;
9,439682E-08;2,9;1,583716;
0,6060616;2,9;1,463162;
1,119856;2,9;1,119856;
1,463162;2,9;0,6060616;
1,560136;3;0;
1,441378;3;-0,5970383;
1,103182;3;-1,103184;
0,5970383;3;-1,441378;
9,299139E-08;3;-1,560136;
-0,5970383;3;-1,441378;
-1,103183;3;-1,103183;
-1,441378;3;-0,5970383;
-1,560136;3;1,363917E-07;
-1,441378;3;0,5970383;
-1,103184;3;1,103182;
-0,5970383;3;1,441378;
9,299139E-08;3;1,560136;
0,5970383;3;1,441378;
1,103182;3;1,103184;
1,441378;3;0,5970383;
1,480872;3,1;0;
1,368147;3,1;-0,5667049;
1,047134;3,1;-1,047134;
0,5667049;3,1;-1,368147;
8,826684E-08;3,1;-1,480872;
-0,5667049;3,1;-1,368147;
-1,047134;3,1;-1,047134;
-1,368147;3,1;-0,5667049;
-1,480872;3,1;1,294619E-07;
-1,368147;3,1;0,5667049;
-1,047134;3,1;1,047134;
-0,5667049;3,1;1,368147;
8,826684E-08;3,1;1,480872;
0,5667049;3,1;1,368147;
1,047134;3,1;1,047134;
1,368147;3,1;0,5667049;
1,447753;3,2;0;
1,337549;3,2;-0,5540313;
1,023716;3,2;-1,023716;
0,5540313;3,2;-1,337549;
8,629281E-08;3,2;-1,447753;
-0,5540313;3,2;-1,337549;
-1,023716;3,2;-1,023716;
-1,337549;3,2;-0,5540313;
-1,447753;3,2;1,265665E-07;
-1,337549;3,2;0,5540313;
-1,023716;3,2;1,023716;
-0,5540313;3,2;1,337549;
8,629281E-08;3,2;1,447753;
0,5540313;3,2;1,337549;
1,023716;3,2;1,023716;
1,337549;3,2;0,5540313;
1,433287;3,3;0;
1,324184;3,3;-0,5484958;
1,013486;3,3;-1,013488;
0,5484954;3,3;-1,324185;
8,543058E-08;3,3;-1,433287;
-0,5484954;3,3;-1,324185;
-1,013487;3,3;-1,013487;
-1,324184;3,3;-0,5484958;
-1,433287;3,3;1,253019E-07;
-1,324184;3,3;0,5484958;
-1,013488;3,3;1,013486;
-0,5484958;3,3;1,324184;
8,543058E-08;3,3;1,433287;
0,5484958;3,3;1,324184;
1,013486;3,3;1,013488;
1,324184;3,3;0,5484958;
1,410069;3,4;0;
1,302733;3,4;-0,5396098;
0,9970682;3,4;-0,9970698;
0,5396098;3,4;-1,302733;
8,404664E-08;3,4;-1,410069;
-0,5396098;3,4;-1,302733;
-0,997069;3,4;-0,997069;
-1,302733;3,4;-0,5396098;
-1,410069;3,4;1,232721E-07;
-1,302733;3,4;0,5396098;
-0,9970698;3,4;0,9970682;
-0,5396098;3,4;1,302733;
8,404664E-08;3,4;1,410069;
0,5396098;3,4;1,302733;
0,9970682;3,4;0,9970698;
1,302733;3,4;0,5396098;
1,330408;3,5;0;
1,229136;3,5;-0,5091255;
0,9407405;3,5;-0,9407405;
0,5091255;3,5;-1,229136;
7,92985E-08;3,5;-1,330408;
-0,5091255;3,5;-1,229136;
-0,9407405;3,5;-0,9407405;
-1,229136;3,5;-0,5091255;
-1,330408;3,5;1,163081E-07;
-1,229136;3,5;0,5091255;
-0,9407405;3,5;0,9407405;
-0,5091255;3,5;1,229136;
7,92985E-08;3,5;1,330408;
0,5091255;3,5;1,229136;
0,9407405;3,5;0,9407405;
1,229136;3,5;0,5091255;
1,30061;3,6;0;
1,201607;3,6;-0,4977216;
0,9196702;3,6;-0,9196702;
0,4977216;3,6;-1,201607;
7,752241E-08;3,6;-1,30061;
-0,4977216;3,6;-1,201607;
-0,9196702;3,6;-0,9196702;
-1,201607;3,6;-0,4977216;
-1,30061;3,6;1,13703E-07;
-1,201607;3,6;0,4977216;
-0,9196702;3,6;0,9196702;
-0,4977216;3,6;1,201607;
7,752241E-08;3,6;1,30061;
0,4977216;3,6;1,201607;
0,9196702;3,6;0,9196702;
1,201607;3,6;0,4977216;
1,285829;3,7;0;
1,187951;3,7;-0,4920654;
0,9092182;3,7;-0,9092182;
0,4920654;3,7;-1,187951;
7,664136E-08;3,7;-1,285829;
-0,4920654;3,7;-1,187951;
-0,9092182;3,7;-0,9092182;
-1,187951;3,7;-0,4920654;
-1,285829;3,7;1,124107E-07;
-1,187951;3,7;0,4920654;
-0,9092182;3,7;0,9092182;
-0,4920654;3,7;1,187951;
7,664136E-08;3,7;1,285829;
0,4920654;3,7;1,187951;
0,9092182;3,7;0,9092182;
1,187951;3,7;0,4920654;
1,601376;3,8;0;
1,479479;3,8;-0,6128201;
1,132344;3,8;-1,132344;
0,6128201;3,8;-1,479479;
9,544947E-08;3,8;-1,601376;
-0,6128201;3,8;-1,479479;
-1,132344;3,8;-1,132344;
-1,479478;3,8;-0,6128202;
-1,601376;3,8;1,399968E-07;
-1,479479;3,8;0,6128201;
-1,132344;3,8;1,132344;
-0,6128202;3,8;1,479478;
9,544947E-08;3,8;1,601376;
0,6128202;3,8;1,479478;
1,132344;3,8;1,132344;
1,479479;3,8;0,6128201;
1,520401;3,9;0;
1,404668;3,9;-0,5818322;
1,075086;3,9;-1,075086;
0,5818322;3,9;-1,404668;
9,0623E-08;3,9;-1,520401;
-0,5818322;3,9;-1,404668;
-1,075086;3,9;-1,075086;
-1,404668;3,9;-0,5818322;
-1,520401;3,9;1,329179E-07;
-1,404668;3,9;0,5818322;
-1,075088;3,9;1,075085;
-0,5818322;3,9;1,404668;
9,0623E-08;3,9;1,520401;
0,5818322;3,9;1,404668;
1,075086;3,9;1,075086;
1,404668;3,9;0,5818322;
1,492664;4;0;
1,379042;4;-0,5712168;
1,055473;4;-1,055473;
0,5712168;4;-1,379042;
8,896972E-08;4;-1,492664;
-0,5712168;4;-1,379042;
-1,055473;4;-1,055473;
-1,379042;4;-0,5712179;
-1,492664;4;1,304929E-07;
-1,379042;4;0,5712179;
-1,055473;4;1,055473;
-0,5712179;4;1,379042;
8,896972E-08;4;1,492664;
0,5712179;4;1,379042;
1,055473;4;1,055473;
1,379042;4;0,5712168;
1,496872;4,1;0;
1,38293;4,1;-0,5728281;
1,058449;4,1;-1,058449;
0,5728281;4,1;-1,38293;
8,922055E-08;4,1;-1,496872;
-0,5728281;4,1;-1,38293;
-1,058449;4,1;-1,058449;
-1,38293;4,1;-0,5728281;
-1,496872;4,1;1,308607E-07;
-1,38293;4,1;0,5728281;
-1,058449;4,1;1,058448;
-0,5728281;4,1;1,38293;
8,922055E-08;4,1;1,496872;
0,5728281;4,1;1,38293;
1,058449;4,1;1,058449;
1,38293;4,1;0,5728281;
1,46801;4,2;0;
1,356264;4,2;-0,561783;
1,03804;4,2;-1,03804;
0,561783;4,2;-1,356264;
8,750021E-08;4,2;-1,46801;
-0,561783;4,2;-1,356264;
-1,03804;4,2;-1,03804;
-1,356264;4,2;-0,5617836;
-1,46801;4,2;1,283376E-07;
-1,356264;4,2;0,561783;
-1,038041;4,2;1,038038;
-0,5617836;4,2;1,356264;
8,750021E-08;4,2;1,46801;
0,5617836;4,2;1,356264;
1,03804;4,2;1,03804;
1,356264;4,2;0,561783;
1,384027;4,3;0;
1,278675;4,3;-0,529644;
0,9786551;4,3;-0,9786551;
0,529644;4,3;-1,278675;
8,249447E-08;4,3;-1,384027;
-0,529644;4,3;-1,278675;
-0,9786551;4,3;-0,9786551;
-1,278675;4,3;-0,529644;
-1,384027;4,3;1,209955E-07;
-1,278675;4,3;0,529644;
-0,9786551;4,3;0,9786551;
-0,529644;4,3;1,278675;
8,249447E-08;4,3;1,384027;
0,529644;4,3;1,278675;
0,9786551;4,3;0,9786551;
1,278675;4,3;0,529644;
1,358532;4,4;0;
1,25512;4,4;-0,519888;
0,9606272;4,4;-0,9606272;
0,519888;4,4;-1,25512;
8,097483E-08;4,4;-1,358532;
-0,519888;4,4;-1,25512;
-0,9606272;4,4;-0,9606272;
-1,25512;4,4;-0,519888;
-1,358532;4,4;1,187667E-07;
-1,25512;4,4;0,519888;
-0,9606272;4,4;0,9606272;
-0,519888;4,4;1,25512;
8,097483E-08;4,4;1,358532;
0,519888;4,4;1,25512;
0,9606272;4,4;0,9606272;
1,25512;4,4;0,519888;
1,328937;4,5;0;
1,227778;4,5;-0,5085626;
0,9397005;4,5;-0,9397005;
0,5085622;4,5;-1,227778;
7,921084E-08;4,5;-1,328937;
-0,5085622;4,5;-1,227778;
-0,9397005;4,5;-0,9397005;
-1,227778;4,5;-0,5085626;
-1,328937;4,5;1,161794E-07;
-1,227778;4,5;0,5085626;
-0,9397015;4,5;0,9396995;
-0,5085626;4,5;1,227778;
7,921084E-08;4,5;1,328937;
0,5085626;4,5;1,227778;
0,9397005;4,5;0,9397005;
1,227778;4,5;0,5085626;
1,313615;4,6;0;
1,213622;4,6;-0,5026986;
0,928866;4,6;-0,9288666;
0,5026986;4,6;-1,213622;
7,829758E-08;4,6;-1,313615;
-0,5026986;4,6;-1,213622;
-0,928866;4,6;-0,9288666;
-1,213622;4,6;-0,5026986;
-1,313615;4,6;1,148401E-07;
-1,213622;4,6;0,5026986;
-0,9288666;4,6;0,928866;
-0,5026986;4,6;1,213622;
7,829758E-08;4,6;1,313615;
0,5026986;4,6;1,213622;
0,928866;4,6;0,9288666;
1,213622;4,6;0,5026986;
1,288876;4,7;0;
1,190766;4,7;-0,4932319;
0,9113731;4,7;-0,9113731;
0,4932319;4,7;-1,190766;
7,682302E-08;4,7;-1,288876;
-0,4932319;4,7;-1,190766;
-0,9113731;4,7;-0,9113731;
-1,190766;4,7;-0,4932319;
-1,288876;4,7;1,126772E-07;
-1,190766;4,7;0,4932319;
-0,911374;4,7;0,9113724;
-0,4932319;4,7;1,190766;
7,682302E-08;4,7;1,288876;
0,4932319;4,7;1,190766;
0,9113731;4,7;0,9113731;
1,190766;4,7;0,4932319;
1,209281;4,8;0;
1,11723;4,8;-0,4627718;
0,8550902;4,8;-0,855091;
0,4627718;4,8;-1,11723;
7,207876E-08;4,8;-1,209281;
-0,4627718;4,8;-1,11723;
-0,8550902;4,8;-0,855091;
-1,11723;4,8;-0,4627718;
-1,209281;4,8;1,057187E-07;
-1,11723;4,8;0,4627718;
-0,855091;4,8;0,8550902;
-0,4627718;4,8;1,11723;
7,207876E-08;4,8;1,209281;
0,4627718;4,8;1,11723;
0,8550902;4,8;0,855091;
1,11723;4,8;0,4627718;
1,177492;4,9;0;
1,087861;4,9;-0,4506069;
0,8326128;4,9;-0,8326128;
0,4506069;4,9;-1,087861;
7,018402E-08;4,9;-1,177492;
-0,4506069;4,9;-1,087861;
-0,8326128;4,9;-0,8326128;
-1,087861;4,9;-0,4506069;
-1,177492;4,9;1,029396E-07;
-1,087861;4,9;0,4506069;
-0,8326128;4,9;0,8326128;
-0,4506069;4,9;1,087861;
7,018402E-08;4,9;1,177492;
0,4506069;4,9;1,087861;
0,8326128;4,9;0,8326128;
1,087861;4,9;0,4506069;
1,16267;5;0;
1,074167;5;-0,4449335;
0,822131;5;-0,8221324;
0,4449335;5;-1,074167;
6,930053E-08;5;-1,16267;
-0,4449335;5;-1,074167;
-0,8221317;5;-0,8221317;
-1,074167;5;-0,4449335;
-1,16267;5;1,016438E-07;
-1,074167;5;0,4449335;
-0,8221324;5;0,822131;
-0,4449335;5;1,074167;
6,930053E-08;5;1,16267;
0,4449335;5;1,074167;
0,822131;5;0,8221324;
1,074167;5;0,4449335;
1,138588;5,1;0;
1,051918;5,1;-0,4357183;
0,805103;5,1;-0,805103;
0,4357183;5,1;-1,051918;
6,786512E-08;5,1;-1,138588;
-0,4357183;5,1;-1,051918;
-0,805103;5,1;-0,805103;
-1,051918;5,1;-0,435719;
-1,138588;5,1;9,953845E-08;
-1,051918;5,1;0,4357183;
-0,805103;5,1;0,805103;
-0,435719;5,1;1,051918;
6,786512E-08;5,1;1,138588;
0,435719;5,1;1,051918;
0,805103;5,1;0,805103;
1,051918;5,1;0,4357183;
1,058482;5,2;0;
0,9779099;5,2;-0,4050639;
0,7484599;5,2;-0,7484599;
0,4050639;5,2;-0,9779099;
6,309046E-08;5,2;-1,058482;
-0,4050639;5,2;-0,9779099;
-0,7484599;5,2;-0,7484599;
-0,9779099;5,2;-0,4050639;
-1,058482;5,2;9,253541E-08;
-0,9779099;5,2;0,4050639;
-0,7484606;5,2;0,7484593;
-0,4050639;5,2;0,9779099;
6,309046E-08;5,2;1,058482;
0,4050639;5,2;0,9779099;
0,7484599;5,2;0,7484599;
0,9779099;5,2;0,4050639;
1,027792;5,3;0;
0,9495558;5,3;-0,3933191;
0,7267586;5,3;-0,7267586;
0,3933191;5,3;-0,9495558;
6,126118E-08;5,3;-1,027792;
-0,3933191;5,3;-0,9495558;
-0,7267586;5,3;-0,7267586;
-0,9495558;5,3;-0,3933191;
-1,027792;5,3;8,985231E-08;
-0,9495558;5,3;0,3933191;
-0,7267586;5,3;0,7267586;
-0,3933191;5,3;0,9495558;
6,126118E-08;5,3;1,027792;
0,3933191;5,3;0,9495558;
0,7267586;5,3;0,7267586;
0,9495558;5,3;0,3933191;
1,013014;5,4;0;
0,9359032;5,4;-0,3876641;
0,7163094;5,4;-0,7163094;
0,3876641;5,4;-0,9359032;
6,038037E-08;5,4;-1,013014;
-0,3876641;5,4;-0,9359032;
-0,7163094;5,4;-0,7163094;
-0,9359032;5,4;-0,3876641;
-1,013014;5,4;8,856049E-08;
-0,9359032;5,4;0,3876641;
-0,7163094;5,4;0,7163094;
-0,3876641;5,4;0,9359032;
6,038037E-08;5,4;1,013014;
0,3876641;5,4;0,9359032;
0,7163094;5,4;0,7163094;
0,9359032;5,4;0,3876641;
0,9892849;5,5;0;
0,9139801;5,5;-0,3785828;
0,6995301;5,5;-0,6995301;
0,3785828;5,5;-0,9139801;
5,896598E-08;5,5;-0,9892849;
-0,3785828;5,5;-0,9139801;
-0,6995301;5,5;-0,6995301;
-0,9139801;5,5;-0,3785828;
-0,9892849;5,5;8,648604E-08;
-0,9139801;5,5;0,3785828;
-0,6995308;5,5;0,6995294;
-0,3785828;5,5;0,9139801;
5,896598E-08;5,5;0,9892849;
0,3785828;5,5;0,9139801;
0,6995301;5,5;0,6995301;
0,9139801;5,5;0,3785828;
0,9083221;5,6;0;
0,8391801;5,6;-0,3476001;
0,6422807;5,6;-0,6422807;
0,3476001;5,6;-0,8391801;
5,414022E-08;5,6;-0,9083221;
-0,3476001;5,6;-0,8391801;
-0,6422807;5,6;-0,6422807;
-0,8391801;5,6;-0,3476001;
-0,9083221;5,6;7,940801E-08;
-0,8391801;5,6;0,3476001;
-0,642281;5,6;0,6422805;
-0,3476001;5,6;0,8391801;
5,414022E-08;5,6;0,9083221;
0,3476001;5,6;0,8391801;
0,6422807;5,6;0,6422807;
0,8391801;5,6;0,3476001;
0,8723632;5,7;0;
0,8059584;5,7;-0,3338391;
0,616854;5,7;-0,616854;
0,3338391;5,7;-0,8059584;
5,199691E-08;5,7;-0,8723632;
-0,3338391;5,7;-0,8059584;
-0,616854;5,7;-0,616854;
-0,8059584;5,7;-0,3338391;
-0,8723632;5,7;7,626441E-08;
-0,8059584;5,7;0,3338391;
-0,616854;5,7;0,616854;
-0,3338391;5,7;0,8059584;
5,199691E-08;5,7;0,8723632;
0,3338391;5,7;0,8059584;
0,616854;5,7;0,616854;
0,8059584;5,7;0,3338391;
0,8575299;5,8;0;
0,7922544;5,8;-0,3281624;
0,606365;5,8;-0,6063655;
0,3281624;5,8;-0,7922544;
5,111277E-08;5,8;-0,8575299;
-0,3281624;5,8;-0,7922544;
-0,606365;5,8;-0,6063655;
-0,7922544;5,8;-0,3281624;
-0,8575299;5,8;7,496762E-08;
-0,7922544;5,8;0,3281624;
-0,6063655;5,8;0,606365;
-0,3281624;5,8;0,7922544;
5,111277E-08;5,8;0,8575299;
0,3281624;5,8;0,7922544;
0,606365;5,8;0,6063655;
0,7922544;5,8;0,3281624;
0,8320141;5,9;0;
0,7686809;5,9;-0,318398;
0,5883225;5,9;-0,5883232;
0,3183978;5,9;-0,7686809;
4,959191E-08;5,9;-0,8320141;
-0,3183978;5,9;-0,7686809;
-0,5883225;5,9;-0,5883232;
-0,7686809;5,9;-0,318398;
-0,8320141;5,9;7,273696E-08;
-0,7686809;5,9;0,318398;
-0,5883232;5,9;0,5883225;
-0,318398;5,9;0,7686809;
4,959191E-08;5,9;0,8320141;
0,318398;5,9;0,7686809;
0,5883225;5,9;0,5883232;
0,7686809;5,9;0,318398;
0,8079959;6;0;
0,7464908;6;-0,3092069;
0,5713392;6;-0,5713395;
0,3092069;6;-0,7464908;
4,816032E-08;6;-0,8079959;
-0,3092069;6;-0,7464908;
-0,5713392;6;-0,5713395;
-0,7464908;6;-0,3092069;
-0,8079959;6;7,063725E-08;
-0,7464908;6;0,3092069;
-0,5713395;6;0,5713392;
-0,3092069;6;0,7464908;
4,816032E-08;6;0,8079959;
0,3092069;6;0,7464908;
0,5713392;6;0,5713395;
0,7464908;6;0,3092069;
0,7276806;6,1;0;
0,6722892;6,1;-0,2784713;
0,5145477;6,1;-0,514548;
0,2784713;6,1;-0,6722892;
4,337315E-08;6,1;-0,7276806;
-0,2784713;6,1;-0,6722892;
-0,5145478;6,1;-0,5145478;
-0,6722892;6,1;-0,2784713;
-0,7276806;6,1;6,361584E-08;
-0,6722892;6,1;0,2784713;
-0,514548;6,1;0,5145477;
-0,2784713;6,1;0,6722892;
4,337315E-08;6,1;0,7276806;
0,2784713;6,1;0,6722892;
0,5145477;6,1;0,514548;
0,6722892;6,1;0,2784713;
0,7119552;6,2;0;
0,6577607;6,2;-0,2724536;
0,5034283;6,2;-0,5034283;
0,2724536;6,2;-0,6577607;
4,243584E-08;6,2;-0,7119552;
-0,2724536;6,2;-0,6577607;
-0,5034283;6,2;-0,5034283;
-0,6577607;6,2;-0,2724536;
-0,7119552;6,2;6,224101E-08;
-0,6577607;6,2;0,2724536;
-0,5034283;6,2;0,5034283;
-0,2724536;6,2;0,6577607;
4,243584E-08;6,2;0,7119552;
0,2724536;6,2;0,6577607;
0,5034283;6,2;0,5034283;
0,6577607;6,2;0,2724536;
0,6865022;6,3;0;
0,6342454;6,3;-0,2627129;
0,4854304;6,3;-0,4854304;
0,2627129;6,3;-0,6342454;
4,091872E-08;6,3;-0,6865022;
-0,2627129;6,3;-0,6342454;
-0,4854304;6,3;-0,4854304;
-0,6342453;6,3;-0,2627132;
-0,6865022;6,3;6,001594E-08;
-0,6342453;6,3;0,2627132;
-0,4854304;6,3;0,4854304;
-0,2627132;6,3;0,6342453;
4,091872E-08;6,3;0,6865022;
0,2627132;6,3;0,6342453;
0,4854304;6,3;0,4854304;
0,6342454;6,3;0,2627129;
0,6700105;6,4;0;
0,619009;6,4;-0,256402;
0,473769;6,4;-0,473769;
0,256402;6,4;-0,619009;
3,993574E-08;6,4;-0,6700105;
-0,256402;6,4;-0,619009;
-0,473769;6,4;-0,473769;
-0,619009;6,4;-0,256402;
-0,6700105;6,4;5,857416E-08;
-0,619009;6,4;0,256402;
-0,473769;6,4;0,473769;
-0,256402;6,4;0,619009;
3,993574E-08;6,4;0,6700105;
0,256402;6,4;0,619009;
0,473769;6,4;0,473769;
0,619009;6,4;0,256402;
0,5764042;6,5;0;
0,5325279;6,5;-0,2205806;
0,407579;6,5;-0,4075795;
0,2205806;6,5;-0,5325279;
3,435637E-08;6,5;-0,5764042;
-0,2205806;6,5;-0,5325279;
-0,4075793;6,5;-0,4075793;
-0,5325279;6,5;-0,2205806;
-0,5764042;6,5;5,039085E-08;
-0,5325279;6,5;0,2205806;
-0,4075795;6,5;0,407579;
-0,2205806;6,5;0,5325279;
3,435637E-08;6,5;0,5764042;
0,2205806;6,5;0,5325279;
0,407579;6,5;0,4075795;
0,5325279;6,5;0,2205806;
0,5395393;6,6;0;
0,4984693;6,6;-0,2064727;
0,3815118;6,6;-0,381512;
0,2064727;6,6;-0,4984693;
3,215905E-08;6,6;-0,5395393;
-0,2064727;6,6;-0,4984693;
-0,3815118;6,6;-0,381512;
-0,4984692;6,6;-0,2064729;
-0,5395393;6,6;4,716801E-08;
-0,4984693;6,6;0,2064727;
-0,381512;6,6;0,3815118;
-0,2064729;6,6;0,4984692;
3,215905E-08;6,6;0,5395393;
0,2064729;6,6;0,4984692;
0,3815118;6,6;0,381512;
0,4984693;6,6;0,2064727;
0,523989;6,7;0;
0,4841027;6,7;-0,2005218;
0,3705162;6,7;-0,3705162;
0,2005218;6,7;-0,4841027;
3,123218E-08;6,7;-0,523989;
-0,2005218;6,7;-0,4841027;
-0,3705162;6,7;-0,3705162;
-0,4841026;6,7;-0,2005222;
-0,523989;6,7;4,580855E-08;
-0,4841027;6,7;0,2005218;
-0,3705163;6,7;0,3705159;
-0,2005222;6,7;0,4841026;
3,123218E-08;6,7;0,523989;
0,2005222;6,7;0,4841026;
0,3705162;6,7;0,3705162;
0,4841027;6,7;0,2005218;
0,496832;6,8;0;
0,4590129;6,8;-0,1901295;
0,3513133;6,8;-0,3513133;
0,1901295;6,8;-0,4590129;
2,96135E-08;6,8;-0,496832;
-0,1901295;6,8;-0,4590129;
-0,3513133;6,8;-0,3513133;
-0,4590129;6,8;-0,1901295;
-0,496832;6,8;4,343438E-08;
-0,4590129;6,8;0,1901295;
-0,3513133;6,8;0,3513133;
-0,1901295;6,8;0,4590129;
2,96135E-08;6,8;0,496832;
0,1901295;6,8;0,4590129;
0,3513133;6,8;0,3513133;
0,4590129;6,8;0,1901295;
0,4720515;6,9;0;
0,4361186;6,9;-0,1806464;
0,3337907;6,9;-0,3337909;
0,1806464;6,9;-0,4361186;
2,813646E-08;6,9;-0,4720515;
-0,1806464;6,9;-0,4361186;
-0,3337907;6,9;-0,3337909;
-0,4361186;6,9;-0,1806464;
-0,4720515;6,9;4,126805E-08;
-0,4361186;6,9;0,1806464;
-0,3337909;6,9;0,3337907;
-0,1806464;6,9;0,4361186;
2,813646E-08;6,9;0,4720515;
0,1806464;6,9;0,4361186;
0,3337907;6,9;0,3337909;
0,4361186;6,9;0,1806464;
0,7808014;7;0;
0,7213664;7;-0,2987997;
0,5521099;7;-0,5521099;
0,2987997;7;-0,7213664;
4,653939E-08;7;-0,7808014;
-0,2987997;7;-0,7213664;
-0,5521099;7;-0,5521099;
-0,7213664;7;-0,2987997;
-0,7808014;7;6,825979E-08;
-0,7213664;7;0,2987997;
-0,5521099;7;0,5521099;
-0,2987997;7;0,7213664;
4,653939E-08;7;0,7808014;
0,2987997;7;0,7213664;
0,5521099;7;0,5521099;
0,7213664;7;0,2987997;
0,7493549;7,1;0;
0,6923137;7,1;-0,2867656;
0,529874;7,1;-0,529874;
0,2867655;7,1;-0,6923137;
4,466504E-08;7,1;-0,7493549;
-0,2867655;7,1;-0,6923137;
-0,529874;7,1;-0,529874;
-0,6923137;7,1;-0,2867656;
-0,7493549;7,1;6,551065E-08;
-0,6923137;7,1;0,2867656;
-0,529874;7,1;0,529874;
-0,2867656;7,1;0,6923137;
4,466504E-08;7,1;0,7493549;
0,2867656;7,1;0,6923137;
0,529874;7,1;0,529874;
0,6923137;7,1;0,2867656;
0,7344837;7,2;0;
0,6785746;7,2;-0,2810746;
0,5193584;7,2;-0,5193584;
0,2810746;7,2;-0,6785746;
4,377864E-08;7,2;-0,7344837;
-0,2810746;7,2;-0,6785746;
-0,5193584;7,2;-0,5193584;
-0,6785746;7,2;-0,2810746;
-0,7344837;7,2;6,421059E-08;
-0,6785746;7,2;0,2810746;
-0,5193584;7,2;0,5193584;
-0,2810746;7,2;0,6785746;
4,377864E-08;7,2;0,7344837;
0,2810746;7,2;0,6785746;
0,5193584;7,2;0,5193584;
0,6785746;7,2;0,2810746;
0,710736;7,3;0;
0,6566344;7,3;-0,271987;
0,5025661;7,3;-0,5025664;
0,2719867;7,3;-0,6566345;
4,236317E-08;7,3;-0,710736;
-0,2719867;7,3;-0,6566345;
-0,5025662;7,3;-0,5025662;
-0,6566343;7,3;-0,2719871;
-0,710736;7,3;6,21345E-08;
-0,6566344;7,3;0,271987;
-0,5025664;7,3;0,5025661;
-0,2719871;7,3;0,6566343;
4,236317E-08;7,3;0,710736;
0,2719871;7,3;0,6566343;
0,5025661;7,3;0,5025664;
0,6566344;7,3;0,271987;
0,6305615;7,4;0;
0,5825629;7,4;-0,2413054;
0,4458743;7,4;-0,4458743;
0,2413054;7,4;-0,5825629;
3,75844E-08;7,4;-0,6305615;
-0,2413054;7,4;-0,5825629;
-0,4458743;7,4;-0,4458743;
-0,5825628;7,4;-0,2413056;
-0,6305615;7,4;5,512544E-08;
-0,5825629;7,4;0,2413054;
-0,4458743;7,4;0,4458743;
-0,2413056;7,4;0,5825628;
3,75844E-08;7,4;0,6305615;
0,2413056;7,4;0,5825628;
0,4458743;7,4;0,4458743;
0,5825629;7,4;0,2413054;
0,5976391;7,5;0;
0,5521465;7,5;-0,2287066;
0,4225943;7,5;-0,422595;
0,2287066;7,5;-0,5521465;
3,562207E-08;7,5;-0,5976391;
-0,2287066;7,5;-0,5521465;
-0,4225943;7,5;-0,422595;
-0,5521464;7,5;-0,2287067;
-0,5976391;7,5;5,22473E-08;
-0,5521464;7,5;0,2287067;
-0,422595;7,5;0,4225943;
-0,2287067;7,5;0,5521464;
3,562207E-08;7,5;0,5976391;
0,2287067;7,5;0,5521464;
0,4225943;7,5;0,422595;
0,5521465;7,5;0,2287066;
0,5827661;7,6;0;
0,5384057;7,6;-0,223015;
0,4120778;7,6;-0,4120778;
0,223015;7,6;-0,5384057;
3,473557E-08;7,6;-0,5827661;
-0,223015;7,6;-0,5384057;
-0,4120778;7,6;-0,4120778;
-0,5384057;7,6;-0,223015;
-0,5827661;7,6;5,094706E-08;
-0,5384057;7,6;0,223015;
-0,412078;7,6;0,4120777;
-0,223015;7,6;0,5384057;
3,473557E-08;7,6;0,5827661;
0,223015;7,6;0,5384057;
0,4120778;7,6;0,4120778;
0,5384057;7,6;0,223015;
0,5591018;7,7;0;
0,5165427;7,7;-0,2139591;
0,3953447;7,7;-0,3953447;
0,2139591;7,7;-0,5165427;
3,332507E-08;7,7;-0,5591018;
-0,2139591;7,7;-0,5165427;
-0,3953447;7,7;-0,3953447;
-0,5165427;7,7;-0,2139591;
-0,5591018;7,7;4,887822E-08;
-0,5165427;7,7;0,2139591;
-0,3953447;7,7;0,3953447;
-0,2139591;7,7;0,5165427;
3,332507E-08;7,7;0,5591018;
0,2139591;7,7;0,5165427;
0,3953447;7,7;0,3953447;
0,5165427;7,7;0,2139591;
0,4788961;7,8;0;
0,4424422;7,8;-0,1832657;
0,3386306;7,8;-0,3386306;
0,1832657;7,8;-0,4424422;
2,854443E-08;7,8;-0,4788961;
-0,1832657;7,8;-0,4424422;
-0,3386306;7,8;-0,3386306;
-0,4424422;7,8;-0,1832657;
-0,4788961;7,8;4,18664E-08;
-0,4424422;7,8;0,1832657;
-0,3386308;7,8;0,3386305;
-0,1832657;7,8;0,4424422;
2,854443E-08;7,8;0,4788961;
0,1832657;7,8;0,4424422;
0,3386306;7,8;0,3386306;
0,4424422;7,8;0,1832657;
0,462958;7,9;0;
0,4277174;7,9;-0,1771664;
0,3273606;7,9;-0,3273609;
0,1771664;7,9;-0,4277174;
2,759445E-08;7,9;-0,462958;
-0,1771664;7,9;-0,4277174;
-0,3273606;7,9;-0,3273609;
-0,4277174;7,9;-0,1771664;
-0,462958;7,9;4,047308E-08;
-0,4277174;7,9;0,1771664;
-0,327361;7,9;0,3273605;
-0,1771664;7,9;0,4277174;
2,759445E-08;7,9;0,462958;
0,1771664;7,9;0,4277174;
0,3273606;7,9;0,3273609;
0,4277174;7,9;0,1771664;
0,4386169;8;0;
0,4052292;8;-0,1678514;
0,310149;8;-0,310149;
0,1678514;8;-0,4052292;
2,614361E-08;8;-0,4386169;
-0,1678514;8;-0,4052292;
-0,310149;8;-0,310149;
-0,4052291;8;-0,1678516;
-0,4386169;8;3,83451E-08;
-0,4052292;8;0,1678514;
-0,310149;8;0,310149;
-0,1678516;8;0,4052291;
2,614361E-08;8;0,4386169;
0,1678516;8;0,4052291;
0,310149;8;0,310149;
0,4052292;8;0,1678514;
0,4239225;8,1;0;
0,3916533;8,1;-0,1622283;
0,2997585;8,1;-0,2997585;
0,1622283;8,1;-0,3916533;
2,526776E-08;8,1;-0,4239225;
-0,1622283;8,1;-0,3916533;
-0,2997585;8,1;-0,2997585;
-0,3916533;8,1;-0,1622283;
-0,4239225;8,1;3,706047E-08;
-0,3916533;8,1;0,1622283;
-0,2997587;8,1;0,2997583;
-0,1622283;8,1;0,3916533;
2,526776E-08;8,1;0,4239225;
0,1622283;8,1;0,3916533;
0,2997585;8,1;0,2997585;
0,3916533;8,1;0,1622283;
0,4089329;8,2;0;
0,3778047;8,2;-0,1564919;
0,2891592;8,2;-0,2891592;
0,1564919;8,2;-0,3778047;
2,43743E-08;8,2;-0,4089329;
-0,1564919;8,2;-0,3778047;
-0,2891592;8,2;-0,2891592;
-0,3778047;8,2;-0,1564919;
-0,4089329;8,2;3,575004E-08;
-0,3778047;8,2;0,1564919;
-0,2891593;8,2;0,2891591;
-0,1564919;8,2;0,3778047;
2,43743E-08;8,2;0,4089329;
0,1564919;8,2;0,3778047;
0,2891592;8,2;0,2891592;
0,3778047;8,2;0,1564919;
0,3934282;8,3;0;
0,3634802;8,3;-0,1505586;
0,2781957;8,3;-0,2781959;
0,1505586;8,3;-0,3634802;
2,345015E-08;8,3;-0,3934282;
-0,1505586;8,3;-0,3634802;
-0,2781958;8,3;-0,2781958;
-0,3634802;8,3;-0,1505586;
-0,3934282;8,3;3,439458E-08;
-0,3634802;8,3;0,1505586;
-0,2781959;8,3;0,2781957;
-0,1505586;8,3;0,3634802;
2,345015E-08;8,3;0,3934282;
0,1505586;8,3;0,3634802;
0,2781957;8,3;0,2781959;
0,3634802;8,3;0,1505586;
0,3214791;8,400001;0;
0,297008;8,400001;-0,1230248;
0,2273201;8,400001;-0,2273201;
0,1230248;8,400001;-0,297008;
1,916165E-08;8,400001;-0,3214791;
-0,1230248;8,400001;-0,297008;
-0,2273201;8,400001;-0,2273201;
-0,2970079;8,400001;-0,1230248;
-0,3214791;8,400001;2,81046E-08;
-0,297008;8,400001;0,1230248;
-0,2273202;8,400001;0,22732;
-0,1230248;8,400001;0,2970079;
1,916165E-08;8,400001;0,3214791;
0,1230248;8,400001;0,2970079;
0,2273201;8,400001;0,2273201;
0,297008;8,400001;0,1230248;
0,3041043;8,5;0;
0,2809557;8,5;-0,1163757;
0,2150342;8,5;-0,2150342;
0,1163757;8,5;-0,2809557;
1,812603E-08;8,5;-0,3041043;
-0,1163757;8,5;-0,2809557;
-0,2150342;8,5;-0,2150342;
-0,2809557;8,5;-0,1163757;
-0,3041043;8,5;2,658564E-08;
-0,2809557;8,5;0,1163757;
-0,2150342;8,5;0,2150342;
-0,1163757;8,5;0,2809557;
1,812603E-08;8,5;0,3041043;
0,1163757;8,5;0,2809557;
0,2150342;8,5;0,2150342;
0,2809557;8,5;0,1163757;
0,2872887;8,6;0;
0,2654201;8,6;-0,1099407;
0,2031438;8,6;-0,2031438;
0,1099407;8,6;-0,2654201;
1,712374E-08;8,6;-0,2872887;
-0,1099407;8,6;-0,2654201;
-0,2031438;8,6;-0,2031438;
-0,2654201;8,6;-0,1099407;
-0,2872887;8,6;2,511557E-08;
-0,2654201;8,6;0,1099407;
-0,2031438;8,6;0,2031438;
-0,1099407;8,6;0,2654201;
1,712374E-08;8,6;0,2872887;
0,1099407;8,6;0,2654201;
0,2031438;8,6;0,2031438;
0,2654201;8,6;0,1099407;
0,2717458;8,7;0;
0,2510603;8,7;-0,1039927;
0,1921533;8,7;-0,1921533;
0,1039927;8,7;-0,2510603;
1,619731E-08;8,7;-0,2717458;
-0,1039927;8,7;-0,2510603;
-0,1921533;8,7;-0,1921533;
-0,2510603;8,7;-0,1039927;
-0,2717458;8,7;2,375677E-08;
-0,2510603;8,7;0,1039927;
-0,1921533;8,7;0,1921533;
-0,1039927;8,7;0,2510603;
1,619731E-08;8,7;0,2717458;
0,1039927;8,7;0,2510603;
0,1921533;8,7;0,1921533;
0,2510603;8,7;0,1039927;
0,2566055;8,8;0;
0,2370725;8,8;-0,09819868;
0,1814475;8,8;-0,1814475;
0,09819868;8,8;-0,2370725;
1,529488E-08;8,8;-0,2566055;
-0,09819868;8,8;-0,2370725;
-0,1814475;8,8;-0,1814475;
-0,2370725;8,8;-0,09819868;
-0,2566055;8,8;2,243316E-08;
-0,2370725;8,8;0,09819868;
-0,1814475;8,8;0,1814475;
-0,09819868;8,8;0,2370725;
1,529488E-08;8,8;0,2566055;
0,09819868;8,8;0,2370725;
0,1814475;8,8;0,1814475;
0,2370725;8,8;0,09819868;
0,1712748;8,900001;0;
0,1582372;8,900001;-0,06554407;
0,1211096;8,900001;-0,1211096;
0,06554407;8,900001;-0,1582372;
1,020877E-08;8,900001;-0,1712748;
-0,06554407;8,900001;-0,1582372;
-0,1211096;8,900001;-0,1211096;
-0,1582372;8,900001;-0,06554407;
-0,1712748;8,900001;1,497332E-08;
-0,1582372;8,900001;0,06554407;
-0,1211096;8,900001;0,1211096;
-0,06554407;8,900001;0,1582372;
1,020877E-08;8,900001;0,1712748;
0,06554407;8,900001;0,1582372;
0,1211096;8,900001;0,1211096;
0,1582372;8,900001;0,06554407;
0,1547069;9;0;
0,1429305;9;-0,05920379;
0,1093943;9;-0,1093943;
0,05920379;9;-0,1429305;
9,221251E-09;9;-0,1547069;
-0,05920379;9;-0,1429305;
-0,1093943;9;-0,1093943;
-0,1429305;9;-0,05920379;
-0,1547069;9;1,352491E-08;
-0,1429305;9;0,05920379;
-0,1093943;9;0,1093943;
-0,05920379;9;0,1429305;
9,221251E-09;9;0,1547069;
0,05920379;9;0,1429305;
0,1093943;9;0,1093943;
0,1429305;9;0,05920379;
0,1397616;9,1;0;
0,1291229;9,1;-0,05348448;
0,09882638;9,1;-0,09882638;
0,05348448;9,1;-0,1291229;
8,330442E-09;9,1;-0,1397616;
-0,05348448;9,1;-0,1291229;
-0,09882638;9,1;-0,09882638;
-0,1291229;9,1;-0,05348448;
-0,1397616;9,1;1,221835E-08;
-0,1291229;9,1;0,05348448;
-0,09882638;9,1;0,09882638;
-0,05348448;9,1;0,1291229;
8,330442E-09;9,1;0,1397616;
0,05348448;9,1;0,1291229;
0,09882638;9,1;0,09882638;
0,1291229;9,1;0,05348448;
0,1256251;9,2;0;
0,1160624;9,2;-0,04807466;
0,08883036;9,2;-0,08883036;
0,04807466;9,2;-0,1160624;
7,487841E-09;9,2;-0,1256251;
-0,04807466;9,2;-0,1160624;
-0,08883036;9,2;-0,08883036;
-0,1160624;9,2;-0,04807466;
-0,1256251;9,2;1,098249E-08;
-0,1160624;9,2;0,04807466;
-0,08883036;9,2;0,08883036;
-0,04807466;9,2;0,1160624;
7,487841E-09;9,2;0,1256251;
0,04807466;9,2;0,1160624;
0,08883036;9,2;0,08883036;
0,1160624;9,2;0,04807466;
0,1123754;9,3;0;
0,1038214;9,3;-0,04300423;
0,07946143;9,3;-0,07946143;
0,04300423;9,3;-0,1038214;
6,698099E-09;9,3;-0,1123754;
-0,04300423;9,3;-0,1038214;
-0,07946143;9,3;-0,07946143;
-0,1038214;9,3;-0,04300423;
-0,1123754;9,3;9,824171E-09;
-0,1038214;9,3;0,04300423;
-0,07946143;9,3;0,07946143;
-0,04300423;9,3;0,1038214;
6,698099E-09;9,3;0,1123754;
0,04300423;9,3;0,1038214;
0,07946143;9,3;0,07946143;
0,1038214;9,3;0,04300423;
0,09450009;9,400001;0;
0,0873067;9,400001;-0,03616363;
0,06682166;9,400001;-0,06682166;
0,03616363;9,400001;-0,0873067;
5,632645E-09;9,400001;-0,09450009;
-0,03616363;9,400001;-0,0873067;
-0,06682166;9,400001;-0,06682166;
-0,0873067;9,400001;-0,03616363;
-0,09450009;9,400001;8,261459E-09;
-0,0873067;9,400001;0,03616363;
-0,06682166;9,400001;0,06682166;
-0,03616363;9,400001;0,0873067;
5,632645E-09;9,400001;0,09450009;
0,03616363;9,400001;0,0873067;
0,06682166;9,400001;0,06682166;
0,0873067;9,400001;0,03616363;
0,04601588;9,5;0;
0,04251313;9,5;-0,01760951;
0,03253814;9,5;-0,03253814;
0,01760951;9,5;-0,04251313;
2,74276E-09;9,5;-0,04601588;
-0,01760951;9,5;-0,04251313;
-0,03253814;9,5;-0,03253814;
-0,04251313;9,5;-0,01760951;
-0,04601588;9,5;4,022837E-09;
-0,04251313;9,5;0,01760951;
-0,03253814;9,5;0,03253814;
-0,01760951;9,5;0,04251313;
2,74276E-09;9,5;0,04601588;
0,01760951;9,5;0,04251313;
0,03253814;9,5;0,03253814;
0,04251313;9,5;0,01760951;
0,03888098;9,6;0;
0,03592134;9,6;-0,01487912;
0,027493;9,6;-0,027493;
0,01487912;9,6;-0,03592134;
2,317487E-09;9,6;-0,03888098;
-0,01487912;9,6;-0,03592134;
-0,027493;9,6;-0,027493;
-0,03592134;9,6;-0,01487912;
-0,03888098;9,6;3,399082E-09;
-0,03592134;9,6;0,01487912;
-0,027493;9,6;0,027493;
-0,01487912;9,6;0,03592134;
2,317487E-09;9,6;0,03888098;
0,01487912;9,6;0,03592134;
0,027493;9,6;0,027493;
0,03592134;9,6;0,01487912;
0,03265508;9,7;0;
0,03016936;9,7;-0,01249657;
0,02309063;9,7;-0,02309063;
0,01249657;9,7;-0,03016936;
1,946395E-09;9,7;-0,03265508;
-0,01249657;9,7;-0,03016936;
-0,02309063;9,7;-0,02309063;
-0,03016936;9,7;-0,01249657;
-0,03265508;9,7;2,854797E-09;
-0,03016936;9,7;0,01249657;
-0,02309065;9,7;0,02309061;
-0,01249657;9,7;0,03016936;
1,946395E-09;9,7;0,03265508;
0,01249657;9,7;0,03016936;
0,02309063;9,7;0,02309063;
0,03016936;9,7;0,01249657;
0,02468877;9,8;0;
0,02280945;9,8;-0,009447982;
0,0174576;9,8;-0,0174576;
0,009447982;9,8;-0,02280945;
1,471566E-09;9,8;-0,02468877;
-0,009447982;9,8;-0,02280945;
-0,0174576;9,8;-0,0174576;
-0,02280945;9,8;-0,009447982;
-0,02468877;9,8;2,15836E-09;
-0,02280945;9,8;0,009447982;
-0,0174576;9,8;0,01745759;
-0,009447982;9,8;0,02280945;
1,471566E-09;9,8;0,02468877;
0,009447982;9,8;0,02280945;
0,0174576;9,8;0,0174576;
0,02280945;9,8;0,009447982;
0,01551664;9,900001;0;
0,0143355;9,900001;-0,00593796;
0,01097192;9,900001;-0,01097192;
0,00593796;9,900001;-0,0143355;
9,248639E-10;9,900001;-0,01551664;
-0,00593796;9,900001;-0,0143355;
-0,01097192;9,900001;-0,01097192;
-0,0143355;9,900001;-0,00593796;
-0,01551664;9,900001;1,356507E-09;
-0,0143355;9,900001;0,00593796;
-0,01097193;9,900001;0,01097192;
-0,00593796;9,900001;0,0143355;
9,248639E-10;9,900001;0,01551664;
0,00593796;9,900001;0,0143355;
0,01097192;9,900001;0,01097192;
0,0143355;9,900001;0,00593796;
0;-0,1;0;
0;10;0;
